number of samples: 6117
NONERECALL: 0.001000
CV: 5
{'alpha': [0.0, 0.0], 'perf': [array([  1.68056558e-01,   0.00000000e+00,   0.00000000e+00,
         9.26436786e-01,   6.37736815e-01,   6.83171404e-01,
         6.64377482e-01,   6.63726960e-01,   6.89876496e-01,
         9.26436786e-01,   5.26497270e-01,   4.56140004e-01,
         5.59319865e-01,   4.49611349e-01,   4.28569932e-01,
         1.22340000e+03,   9.35800000e+02,   7.12200000e+02,
         9.31800000e+02,   7.47600000e+02,   6.63400000e+02,
         0.00000000e+00,   5.36641154e-01,   5.46691529e-01]), array([  5.54408029e-03,   0.00000000e+00,   0.00000000e+00,
         8.89060632e-03,   1.49926323e-02,   1.71684392e-02,
         5.39052270e-03,   1.19725839e-02,   1.98076179e-02,
         8.89060632e-03,   1.58638780e-02,   1.60633486e-02,
         7.11175412e-03,   2.17863891e-02,   2.55395587e-02,
         4.89897949e-01,   1.22865780e+01,   1.89251156e+01,
         1.02645019e+01,   4.84148737e+00,   1.34253492e+01,
         0.00000000e+00,   3.94512009e-03,   1.02569505e-02])]}
