number of samples: 7464
NONERECALL: 0.001000
CV: 5
{'alpha': [0.0, 0.0], 'perf': [array([  2.03376167e-01,   0.00000000e+00,   0.00000000e+00,
         9.93435137e-01,   6.75375793e-01,   7.08063007e-01,
         6.62376883e-01,   6.71623699e-01,   6.86361555e-01,
         9.93435137e-01,   5.64741878e-01,   4.37448794e-01,
         5.60252086e-01,   5.19886846e-01,   4.15011056e-01,
         1.49280000e+03,   1.11300000e+03,   7.74400000e+02,
         1.14620000e+03,   1.02160000e+03,   8.00600000e+02,
         0.00000000e+00,   5.56004112e-01,   6.11996848e-01]), array([  1.39181154e-02,   0.00000000e+00,   0.00000000e+00,
         2.88559605e-03,   1.73123440e-02,   1.30260493e-02,
         1.23288000e-02,   9.35512296e-03,   1.73430056e-02,
         2.88559605e-03,   1.98540401e-02,   1.26870637e-02,
         1.66146898e-02,   1.99177285e-02,   3.49494097e-02,
         4.00000000e-01,   1.34014925e+01,   2.11527776e+01,
         6.79411510e+00,   1.61443489e+01,   6.94550214e+00,
         0.00000000e+00,   1.29149284e-02,   4.47336273e-03])]}
