number of samples: 4684
NONERECALL: 0.001000
CV: 5
Abstention True
Inverse_laplace 64
{'perf': [array([  1.85096781e-01,   0.00000000e+00,   0.00000000e+00,
         1.00000000e+00,   7.55764670e-01,   6.14868101e-01,
         7.97394850e-01,   4.92310657e-01,   7.18820750e-01,
         1.00000000e+00,   7.48553004e-01,   5.13557758e-01,
         7.84505052e-01,   4.00434406e-01,   6.37761411e-01,
         9.36800000e+02,   9.10000000e+02,   7.41400000e+02,
         8.80800000e+02,   7.93400000e+02,   7.27600000e+02,
         0.00000000e+00,   6.51670063e-01,   4.96681687e-01]), array([  3.66426402e-03,   0.00000000e+00,   0.00000000e+00,
         0.00000000e+00,   1.41421757e-02,   2.16393506e-02,
         1.37647464e-02,   2.38238838e-02,   2.69132129e-02,
         0.00000000e+00,   1.48750232e-02,   2.27554435e-02,
         1.46761047e-02,   2.99935443e-02,   3.69478212e-02,
         4.00000000e-01,   3.34664011e+00,   1.13947356e+01,
         5.63560112e+00,   8.30903123e+00,   1.08185027e+01,
         0.00000000e+00,   5.41537304e-03,   6.01804890e-03])]}
