number of samples: 7464
------all feature -----
NONERECALL: 0.001000
CV: 5
{'interc': [array([ 2.77206033, -0.3842969 , -0.96264035, -0.62406991, -0.18928992,
       -0.61176325]), array([ 0.01076037,  0.02713389,  0.03140244,  0.01342187,  0.01160719,
        0.01305417])], 'perf': [array([  1.51794613e-01,   9.87825079e-01,  -5.59699194e+01,
         1.00000000e+00,   6.60505954e-01,   7.04043984e-01,
         4.33410518e-01,   8.57984895e-01,   7.82420913e-01,
         1.00000000e+00,   5.44598337e-01,   4.29802821e-01,
         2.62137001e-01,   7.92517965e-01,   5.94264982e-01,
         1.49280000e+03,   1.11300000e+03,   7.74400000e+02,
         1.14620000e+03,   1.02160000e+03,   8.00600000e+02,
        -1.43045318e-01,   5.53382900e-01,   5.80377328e-01]), array([  4.43265062e-03,   6.15347159e-04,   4.44941089e+00,
         0.00000000e+00,   1.53756666e-02,   1.87286661e-02,
         1.65281330e-02,   1.44659702e-02,   1.42707249e-02,
         0.00000000e+00,   2.10342623e-02,   2.64030474e-02,
         1.89079565e-02,   2.05363207e-02,   2.70236847e-02,
         4.00000000e-01,   1.34014925e+01,   2.11527776e+01,
         6.79411510e+00,   1.61443489e+01,   6.94550214e+00,
         7.73798319e-03,   6.86901877e-03,   1.07742621e-02])], 'coef': [array([[-0.02286658,  0.12787329, -0.04491727, -0.0570914 , -0.11412407],
       [ 0.0120979 ,  0.17868705,  0.02186863, -0.11288878, -0.16249139],
       [-0.2063324 , -0.32948664,  0.24200466,  0.25971209,  0.02299227],
       [-0.00579941, -0.040735  , -0.12658477, -0.11951586, -0.02917741],
       [ 0.12367922,  0.21376331, -0.0699436 ,  0.13583997,  0.11356094],
       [ 0.09922128, -0.15010202, -0.02242765, -0.10605602,  0.16923966]]), array([[ 0.01033767,  0.02225889,  0.00993556,  0.01226898,  0.01461628],
       [ 0.01914373,  0.01443698,  0.02017741,  0.02002218,  0.02790702],
       [ 0.04004888,  0.0397706 ,  0.03109283,  0.0192319 ,  0.03532836],
       [ 0.0129723 ,  0.02403142,  0.01149346,  0.00970761,  0.01081435],
       [ 0.01385869,  0.02188422,  0.01649121,  0.01868364,  0.02388563],
       [ 0.01790663,  0.00866569,  0.01379479,  0.01489553,  0.01394037]])]}
number of samples: 7464
------No feature feature -----
NONERECALL: 0.001000
CV: 5
{'interc': [array([ 2.71273329, -0.4328101 , -0.83806728, -0.66117935, -0.22123132,
       -0.55944524]), array([ 0.01047779,  0.02444248,  0.02325427,  0.01580071,  0.0097598 ,
        0.01385394])], 'perf': [array([  1.70819679e-01,   9.85979384e-01,  -5.92245276e+01,
         1.00000000e+00,   7.24144129e-01,   5.86545703e-01,
         3.51418685e-01,   1.00000000e+00,   7.79338791e-01,
         1.00000000e+00,   6.30099772e-01,   2.03152606e-01,
         1.55292746e-01,   1.00000000e+00,   5.88481319e-01,
         1.49280000e+03,   1.11300000e+03,   7.74400000e+02,
         1.14620000e+03,   1.02160000e+03,   8.00600000e+02,
        -1.51261853e-01,   4.76211077e-01,   5.67198795e-01,
                    nan,   9.99331014e-01,   9.99328317e-01,
         9.99331014e-01,   9.99331014e-01,   9.99330207e-01,
                    nan,              nan,   9.98896748e-01,
         9.98564864e-01,   1.48485835e-03,   9.98809902e-01,
         1.33571429e-01,   2.79827915e-03,              nan,
         2.90986034e-03,   2.75774306e-03,   2.30888482e-03,
                    nan,   1.54411793e-03,   9.98880164e-01,
                    nan,   1.42368125e-03,   1.18598982e-03,
                    nan,   9.98370984e-01,   9.98766907e-01,
         9.98319588e-01,              nan,   9.98737944e-01,
         2.37500000e-01,   2.41340831e-03,   9.98201379e-01,
         9.97464297e-01,   2.75622669e-03,              nan,
         0.00000000e+00,   1.49280000e+03,   1.48680000e+03,
         1.49280000e+03,   1.49280000e+03,   1.49100000e+03,
         0.00000000e+00,   0.00000000e+00,   9.05000000e+02,
         6.95400000e+02,   6.72800000e+02,   8.38400000e+02,
         6.00000000e+00,   3.57400000e+02,   0.00000000e+00,
         3.42600000e+02,   3.62000000e+02,   4.31800000e+02,
         0.00000000e+00,   6.46400000e+02,   8.91200000e+02,
         0.00000000e+00,   7.00800000e+02,   8.41200000e+02,
         0.00000000e+00,   6.12800000e+02,   8.09200000e+02,
         5.93400000e+02,   0.00000000e+00,   7.90800000e+02,
         1.80000000e+00,   4.12600000e+02,   5.54400000e+02,
         3.92400000e+02,   3.61600000e+02,   0.00000000e+00,
         8.80828496e-02]), array([  1.11314954e-02,   7.58316840e-04,   5.57422645e+00,
         0.00000000e+00,   1.54240100e-02,   1.55716224e-02,
         6.99917780e-03,   0.00000000e+00,   1.00776859e-02,
         0.00000000e+00,   1.85846368e-02,   1.27790167e-02,
         7.72814950e-03,   0.00000000e+00,   1.98806914e-02,
         4.00000000e-01,   1.34014925e+01,   2.11527776e+01,
         6.79411510e+00,   1.61443489e+01,   6.94550214e+00,
         9.54208831e-03,   9.82295125e-03,   1.28619781e-02,
                    nan,   1.79088707e-07,   8.74130427e-07,
         1.79088707e-07,   1.79088707e-07,   4.91112157e-07,
                    nan,              nan,   2.79366876e-05,
         4.20608144e-05,   6.71110515e-05,   1.50247406e-05,
         3.69500490e-02,   2.13590991e-04,              nan,
         1.54674491e-04,   1.72285036e-04,   9.22725162e-05,
                    nan,   5.40189574e-05,   1.73387043e-05,
                    nan,   3.37028581e-05,   6.11179892e-06,
                    nan,   6.34041603e-05,   2.07884180e-05,
         3.79556737e-05,              nan,   2.95860620e-05,
         2.16506351e-02,   5.85743738e-05,   4.90732586e-05,
         2.28469201e-05,   1.27421933e-04,              nan,
         0.00000000e+00,   4.00000000e-01,   1.93907194e+00,
         4.00000000e-01,   4.00000000e-01,   1.09544512e+00,
         0.00000000e+00,   0.00000000e+00,   2.32465051e+01,
         2.05484793e+01,   2.95526649e+01,   1.05565146e+01,
         1.89736660e+00,   2.67551864e+01,   0.00000000e+00,
         1.77155299e+01,   2.22081066e+01,   1.72904598e+01,
         0.00000000e+00,   2.23302485e+01,   1.37025545e+01,
         0.00000000e+00,   1.67140659e+01,   4.35430821e+00,
         0.00000000e+00,   2.39616360e+01,   1.37317151e+01,
         1.36323146e+01,   0.00000000e+00,   1.88509947e+01,
         9.79795897e-01,   1.02293695e+01,   1.53440542e+01,
         3.55527777e+00,   1.69894085e+01,   0.00000000e+00,
         1.33215766e-03])], 'coef': [array([[ 0.],
       [ 0.],
       [ 0.],
       [ 0.],
       [ 0.],
       [ 0.]]), array([[ 0.],
       [ 0.],
       [ 0.],
       [ 0.],
       [ 0.],
       [ 0.]])]}
number of samples: 7464
------all feature -----
NONERECALL: 0.001000
CV: 5
{'interc': [array([ 2.77206033, -0.3842969 , -0.96264035, -0.62406991, -0.18928992,
       -0.61176325]), array([ 0.01076037,  0.02713389,  0.03140244,  0.01342187,  0.01160719,
        0.01305417])], 'perf': [array([  1.51794613e-01,   9.87825079e-01,  -5.59699194e+01,
         1.00000000e+00,   6.60505954e-01,   7.04043984e-01,
         4.33410518e-01,   8.57984895e-01,   7.82420913e-01,
         1.00000000e+00,   5.44598337e-01,   4.29802821e-01,
         2.62137001e-01,   7.92517965e-01,   5.94264982e-01,
         1.49280000e+03,   1.11300000e+03,   7.74400000e+02,
         1.14620000e+03,   1.02160000e+03,   8.00600000e+02,
        -1.43045318e-01,   5.53382900e-01,   5.80377328e-01,
                    nan,   9.99331014e-01,   9.99328317e-01,
         9.99331014e-01,   9.99331014e-01,   9.99330207e-01,
                    nan,              nan,   7.68327921e-01,
         7.82621802e-01,   3.26186517e-01,   7.04068813e-01,
         1.33571429e-01,   3.55428765e-01,              nan,
         3.84190171e-01,   2.06072406e-01,   3.43051747e-01,
                    nan,   3.02489354e-01,   7.02311177e-01,
                    nan,   4.03203370e-02,   4.86937680e-01,
                    nan,   7.68110685e-01,   8.65715247e-01,
         9.74995002e-01,              nan,   7.84813691e-01,
         2.37500000e-01,   5.04913912e-01,   7.38437134e-01,
         6.54289807e-01,   3.43371467e-01,              nan,
         0.00000000e+00,   1.49280000e+03,   1.48680000e+03,
         1.49280000e+03,   1.49280000e+03,   1.49100000e+03,
         0.00000000e+00,   0.00000000e+00,   9.05000000e+02,
         6.95400000e+02,   6.72800000e+02,   8.38400000e+02,
         6.00000000e+00,   3.57400000e+02,   0.00000000e+00,
         3.42600000e+02,   3.62000000e+02,   4.31800000e+02,
         0.00000000e+00,   6.46400000e+02,   8.91200000e+02,
         0.00000000e+00,   7.00800000e+02,   8.41200000e+02,
         0.00000000e+00,   6.12800000e+02,   8.09200000e+02,
         5.93400000e+02,   0.00000000e+00,   7.90800000e+02,
         1.80000000e+00,   4.12600000e+02,   5.54400000e+02,
         3.92400000e+02,   3.61600000e+02,   0.00000000e+00,
         5.00172372e-01]), array([  4.43265062e-03,   6.15347159e-04,   4.44941088e+00,
         0.00000000e+00,   1.53756666e-02,   1.87286661e-02,
         1.65281330e-02,   1.44659702e-02,   1.42707249e-02,
         0.00000000e+00,   2.10342623e-02,   2.64030474e-02,
         1.89079565e-02,   2.05363207e-02,   2.70236847e-02,
         4.00000000e-01,   1.34014925e+01,   2.11527776e+01,
         6.79411510e+00,   1.61443489e+01,   6.94550214e+00,
         7.73798317e-03,   6.86901877e-03,   1.07742621e-02,
                    nan,   1.79088707e-07,   8.74130427e-07,
         1.79088707e-07,   1.79088707e-07,   4.91112157e-07,
                    nan,              nan,   2.09925819e-02,
         2.93779619e-02,   3.57431129e-02,   1.78771578e-02,
         3.69500490e-02,   4.80924977e-02,              nan,
         3.14703259e-02,   2.46215719e-02,   2.61060571e-02,
                    nan,   3.24797521e-02,   3.21651084e-02,
                    nan,   1.78623261e-02,   2.84427478e-02,
                    nan,   3.65743604e-02,   2.30833036e-02,
         8.64878827e-03,              nan,   3.77661116e-02,
         2.16506351e-02,   1.44244505e-02,   3.01234541e-02,
         3.02992466e-02,   3.42325764e-02,              nan,
         0.00000000e+00,   4.00000000e-01,   1.93907194e+00,
         4.00000000e-01,   4.00000000e-01,   1.09544512e+00,
         0.00000000e+00,   0.00000000e+00,   2.32465051e+01,
         2.05484793e+01,   2.95526649e+01,   1.05565146e+01,
         1.89736660e+00,   2.67551864e+01,   0.00000000e+00,
         1.77155299e+01,   2.22081066e+01,   1.72904598e+01,
         0.00000000e+00,   2.23302485e+01,   1.37025545e+01,
         0.00000000e+00,   1.67140659e+01,   4.35430821e+00,
         0.00000000e+00,   2.39616360e+01,   1.37317151e+01,
         1.36323146e+01,   0.00000000e+00,   1.88509947e+01,
         9.79795897e-01,   1.02293695e+01,   1.53440542e+01,
         3.55527777e+00,   1.69894085e+01,   0.00000000e+00,
         2.03601703e-02])], 'coef': [array([[-0.02286659,  0.12787329, -0.04491727, -0.0570914 , -0.11412407],
       [ 0.0120979 ,  0.17868705,  0.02186863, -0.11288878, -0.16249139],
       [-0.20633239, -0.32948663,  0.24200466,  0.2597121 ,  0.02299228],
       [-0.00579942, -0.040735  , -0.12658477, -0.11951586, -0.02917741],
       [ 0.12367922,  0.21376331, -0.0699436 ,  0.13583996,  0.11356094],
       [ 0.09922128, -0.15010202, -0.02242765, -0.10605602,  0.16923965]]), array([[ 0.01033767,  0.02225889,  0.00993556,  0.01226898,  0.01461628],
       [ 0.01914373,  0.01443698,  0.02017741,  0.02002218,  0.02790702],
       [ 0.04004888,  0.0397706 ,  0.03109282,  0.01923191,  0.03532837],
       [ 0.0129723 ,  0.02403142,  0.01149346,  0.00970761,  0.01081435],
       [ 0.01385869,  0.02188422,  0.01649121,  0.01868364,  0.02388564],
       [ 0.01790663,  0.00866569,  0.01379479,  0.01489553,  0.01394037]])]}
