number of samples: 6117
------all feature -----
NONERECALL: 0.001000
CV: 5
{'interc': [array([ 2.20310309, -0.65789512, -0.28154837, -0.86836261, -0.5643641 ,
        0.16906711]), array([ 0.01350971,  0.01222435,  0.03693561,  0.0119462 ,  0.02661647,
        0.01256809])], 'perf': [array([  1.08221105e-01,   9.75073812e-01,  -2.73729309e+02,
         9.99673203e-01,   4.76386818e-01,   8.27364137e-01,
         3.28268241e-01,   6.89224103e-01,   9.18416623e-01,
         9.99673203e-01,   3.15605220e-01,   7.03430711e-01,
         1.17942408e-01,   4.91314906e-01,   8.50159227e-01,
         1.22340000e+03,   9.35800000e+02,   7.12200000e+02,
         9.31800000e+02,   7.47600000e+02,   6.63400000e+02,
        -3.12456582e-01,   4.69966866e-01,   5.19726559e-01]), array([  6.26864334e-03,   2.38273787e-03,   3.50956732e+01,
         4.00243422e-04,   2.77160887e-02,   1.10312433e-02,
         7.92957985e-03,   1.55160647e-02,   2.28020597e-02,
         4.00243422e-04,   3.18832271e-02,   1.73828393e-02,
         1.46279110e-02,   2.76023911e-02,   3.99425177e-02,
         4.89897949e-01,   1.22865780e+01,   1.89251156e+01,
         1.02645019e+01,   4.84148737e+00,   1.34253492e+01,
         2.13711930e-02,   1.10261968e-02,   7.04580005e-03])], 'coef': [array([[  1.61013137e-02,   7.63727659e-02,  -8.70139603e-03,
         -1.39111795e-02,  -2.89144965e-02],
       [ -3.13077457e-04,   9.73629007e-02,  -7.19413467e-02,
         -9.23186542e-02,  -1.37216718e-01],
       [ -1.33751652e-01,  -6.61034563e-02,   8.10391749e-02,
          1.76610890e-01,  -1.49885605e-01],
       [  1.16459370e-02,   5.07575832e-02,   5.83095984e-02,
         -1.31195072e-01,   9.17638057e-02],
       [  8.94534504e-02,  -5.77478906e-03,  -1.62880294e-01,
          1.64689206e-01,  -1.24828155e-01],
       [  1.68640281e-02,  -1.52615004e-01,   1.04174263e-01,
         -1.03875191e-01,   3.49081169e-01]]), array([[ 0.00929636,  0.01502024,  0.00881509,  0.01660601,  0.00487387],
       [ 0.01610797,  0.01910449,  0.02662057,  0.0116462 ,  0.0196159 ],
       [ 0.02392995,  0.03033272,  0.05333458,  0.0411166 ,  0.03179777],
       [ 0.02749587,  0.02521535,  0.01315364,  0.01304053,  0.02064458],
       [ 0.03427503,  0.0165943 ,  0.03841446,  0.02553539,  0.02249251],
       [ 0.0132591 ,  0.03297347,  0.01105649,  0.02234173,  0.02002309]])]}
number of samples: 6117
------all feature -----
NONERECALL: 0.001000
CV: 5
{'interc': [array([ 2.20310309, -0.65789512, -0.28154837, -0.86836261, -0.5643641 ,
        0.16906711]), array([ 0.01350971,  0.01222435,  0.03693561,  0.0119462 ,  0.02661647,
        0.01256809])], 'perf': [array([  1.08221105e-01,   9.75073812e-01,  -2.73729309e+02,
         9.99673203e-01,   4.76386818e-01,   8.27364137e-01,
         3.28268241e-01,   6.89224103e-01,   9.18416623e-01,
         9.99673203e-01,   3.15605220e-01,   7.03430711e-01,
         1.17942408e-01,   4.91314906e-01,   8.50159227e-01,
         1.22340000e+03,   9.35800000e+02,   7.12200000e+02,
         9.31800000e+02,   7.47600000e+02,   6.63400000e+02,
        -3.12456582e-01,   4.69966866e-01,   5.19726559e-01,
                    nan,   9.99183940e-01,   9.99166226e-01,
         9.99183673e-01,   9.99180864e-01,   9.98820033e-01,
                    nan,              nan,   1.74802478e-01,
         8.29684390e-01,   2.87539251e-01,   1.34045515e-01,
         3.80147059e-02,   8.92404631e-01,              nan,
         9.38445529e-01,   8.11365062e-01,   2.76674803e-01,
         3.33333333e-01,   2.21639965e-01,   6.93932580e-02,
                    nan,   1.97908541e-01,   2.11933506e-02,
         1.57460317e-01,   7.70305900e-01,   1.88570477e-01,
         8.19652682e-01,              nan,   1.76691973e-01,
         2.44384022e-02,   9.42536328e-01,   8.09019651e-01,
         9.83817994e-01,   8.68899528e-01,              nan,
         0.00000000e+00,   1.22340000e+03,   1.19740000e+03,
         1.22300000e+03,   1.21880000e+03,   1.18160000e+03,
         0.00000000e+00,   0.00000000e+00,   6.31000000e+02,
         5.80400000e+02,   6.41400000e+02,   6.53000000e+02,
         2.60000000e+01,   4.40600000e+02,   0.00000000e+00,
         3.84600000e+02,   4.49000000e+02,   4.15600000e+02,
         4.00000000e-01,   5.24600000e+02,   6.18600000e+02,
         0.00000000e+00,   6.48200000e+02,   6.29800000e+02,
         4.60000000e+00,   4.00600000e+02,   4.83000000e+02,
         3.74400000e+02,   0.00000000e+00,   4.88600000e+02,
         4.18000000e+01,   4.02800000e+02,   4.08000000e+02,
         3.64200000e+02,   3.95800000e+02,   0.00000000e+00,
         3.39542677e-01]), array([  6.26864334e-03,   2.38273787e-03,   3.50956732e+01,
         4.00243422e-04,   2.77160887e-02,   1.10312433e-02,
         7.92957985e-03,   1.55160647e-02,   2.28020597e-02,
         4.00243422e-04,   3.18832271e-02,   1.73828393e-02,
         1.46279110e-02,   2.76023911e-02,   3.99425177e-02,
         4.89897949e-01,   1.22865780e+01,   1.89251156e+01,
         1.02645019e+01,   4.84148737e+00,   1.34253492e+01,
         2.13711930e-02,   1.10261968e-02,   7.04580005e-03,
                    nan,   3.26196324e-07,   4.47761567e-06,
         5.96036882e-07,   7.82765722e-07,   4.04356038e-04,
                    nan,              nan,   3.40001742e-02,
         4.28897415e-02,   6.16619674e-02,   2.51205676e-02,
         1.07566513e-02,   1.21183024e-02,              nan,
         8.39625820e-03,   1.89803066e-02,   2.05891141e-02,
         0.00000000e+00,   3.59349092e-02,   1.89656979e-02,
                    nan,   3.55513797e-02,   1.69233662e-02,
         2.94640118e-02,   8.33948522e-02,   1.01229970e-02,
         3.24464668e-02,              nan,   1.90582321e-02,
         7.25498676e-03,   1.57773517e-02,   3.48763881e-02,
         1.49501400e-02,   2.45949472e-02,              nan,
         0.00000000e+00,   4.89897949e-01,   6.46838465e+00,
         8.94427191e-01,   1.16619038e+00,   1.02878569e+01,
         0.00000000e+00,   0.00000000e+00,   2.07557221e+01,
         1.76929364e+01,   1.50678466e+01,   2.21449769e+01,
         6.09918027e+00,   2.08288262e+01,   0.00000000e+00,
         1.20266371e+01,   1.55048380e+01,   1.23709337e+01,
         4.89897949e-01,   1.42070405e+01,   7.76144316e+00,
         0.00000000e+00,   6.93974063e+00,   1.31969693e+01,
         1.35646600e+00,   1.29089117e+01,   1.19498954e+01,
         6.97423831e+00,   0.00000000e+00,   2.15276566e+01,
         9.88736568e+00,   2.33015021e+01,   1.01587401e+01,
         1.94976922e+01,   2.08365064e+01,   0.00000000e+00,
         1.40472623e-02])], 'coef': [array([[  1.61013137e-02,   7.63727659e-02,  -8.70139603e-03,
         -1.39111795e-02,  -2.89144965e-02],
       [ -3.13077457e-04,   9.73629007e-02,  -7.19413467e-02,
         -9.23186542e-02,  -1.37216718e-01],
       [ -1.33751652e-01,  -6.61034563e-02,   8.10391749e-02,
          1.76610890e-01,  -1.49885605e-01],
       [  1.16459370e-02,   5.07575832e-02,   5.83095984e-02,
         -1.31195072e-01,   9.17638057e-02],
       [  8.94534504e-02,  -5.77478906e-03,  -1.62880294e-01,
          1.64689206e-01,  -1.24828155e-01],
       [  1.68640281e-02,  -1.52615004e-01,   1.04174263e-01,
         -1.03875191e-01,   3.49081169e-01]]), array([[ 0.00929636,  0.01502024,  0.00881509,  0.01660601,  0.00487387],
       [ 0.01610797,  0.01910449,  0.02662057,  0.0116462 ,  0.0196159 ],
       [ 0.02392995,  0.03033272,  0.05333458,  0.0411166 ,  0.03179777],
       [ 0.02749587,  0.02521535,  0.01315364,  0.01304053,  0.02064458],
       [ 0.03427503,  0.0165943 ,  0.03841446,  0.02553539,  0.02249251],
       [ 0.0132591 ,  0.03297347,  0.01105649,  0.02234173,  0.02002309]])]}

number of samples: 6117
------No feature feature -----
NONERECALL: 0.001000
CV: 5
{'interc': [array([ 2.16899197, -0.6748894 , -0.27209034, -0.88958642, -0.56259694,
        0.23017113]), array([ 0.01232311,  0.01219072,  0.03813921,  0.01424795,  0.02107654,
        0.01076054])], 'perf': [array([  9.75959149e-02,   9.74745644e-01,  -2.82147902e+02,
         1.00000000e+00,   4.29792004e-01,   8.27853532e-01,
         2.61728232e-01,   6.92169154e-01,   9.67955285e-01,
         1.00000000e+00,   2.54647795e-01,   7.04436833e-01,
         3.06704048e-02,   4.96227558e-01,   9.41107619e-01,
         1.22340000e+03,   9.35800000e+02,   7.12200000e+02,
         9.31800000e+02,   7.47600000e+02,   6.63400000e+02,
        -3.22169833e-01,   3.69416456e-01,   5.03264062e-01,
                    nan,   9.99183940e-01,   9.99166226e-01,
         9.99183673e-01,   9.99180864e-01,   9.99155057e-01,
                    nan,              nan,   1.58146381e-03,
         9.98281420e-01,   1.55508857e-03,   1.52841693e-03,
         3.80147059e-02,   9.97735554e-01,              nan,
         9.97410826e-01,   9.97780054e-01,   2.39677476e-03,
         3.33333333e-01,   1.90037655e-03,   1.61159404e-03,
                    nan,   1.53816365e-03,   1.58345329e-03,
         1.57460317e-01,   9.97513465e-01,   2.06311195e-03,
         9.97342346e-01,              nan,   2.04218441e-03,
         2.44384022e-02,   9.97520937e-01,   9.97559436e-01,
         9.97261538e-01,   9.97479358e-01,              nan,
         0.00000000e+00,   1.22340000e+03,   1.19740000e+03,
         1.22300000e+03,   1.21880000e+03,   1.18160000e+03,
         0.00000000e+00,   0.00000000e+00,   6.31000000e+02,
         5.80400000e+02,   6.41400000e+02,   6.53000000e+02,
         2.60000000e+01,   4.40600000e+02,   0.00000000e+00,
         3.84600000e+02,   4.49000000e+02,   4.15600000e+02,
         4.00000000e-01,   5.24600000e+02,   6.18600000e+02,
         0.00000000e+00,   6.48200000e+02,   6.29800000e+02,
         4.60000000e+00,   4.00600000e+02,   4.83000000e+02,
         3.74400000e+02,   0.00000000e+00,   4.88600000e+02,
         4.18000000e+01,   4.02800000e+02,   4.08000000e+02,
         3.64200000e+02,   3.95800000e+02,   0.00000000e+00,
         7.69795701e-02]), array([  3.65143842e-03,   2.11837189e-03,   3.48057031e+01,
         0.00000000e+00,   1.72514797e-02,   1.16156332e-02,
         7.26811722e-03,   8.81904096e-03,   8.39972948e-03,
         0.00000000e+00,   1.60944770e-02,   1.56634665e-02,
         4.30960198e-03,   1.49404686e-02,   1.48190350e-02,
         4.89897949e-01,   1.22865780e+01,   1.89251156e+01,
         1.02645019e+01,   4.84148737e+00,   1.34253492e+01,
         2.06854809e-02,   8.89083264e-03,   7.97211017e-03,
                    nan,   3.26196324e-07,   4.47761567e-06,
         5.96036882e-07,   7.82765722e-07,   7.29390762e-06,
                    nan,              nan,   5.14067476e-05,
         5.09366860e-05,   3.61110807e-05,   5.02853973e-05,
         1.07566513e-02,   1.07778323e-04,              nan,
         8.10966732e-05,   7.71391304e-05,   7.22178682e-05,
         0.00000000e+00,   5.19830953e-05,   2.00059363e-05,
                    nan,   1.64281975e-05,   3.22661424e-05,
         2.94640118e-02,   8.35968049e-05,   5.09996541e-05,
         4.88922744e-05,              nan,   8.80692717e-05,
         7.25498676e-03,   1.51434526e-04,   6.21423431e-05,
         1.45158408e-04,   1.30320611e-04,              nan,
         0.00000000e+00,   4.89897949e-01,   6.46838465e+00,
         8.94427191e-01,   1.16619038e+00,   1.02878569e+01,
         0.00000000e+00,   0.00000000e+00,   2.07557221e+01,
         1.76929364e+01,   1.50678466e+01,   2.21449769e+01,
         6.09918027e+00,   2.08288262e+01,   0.00000000e+00,
         1.20266371e+01,   1.55048380e+01,   1.23709337e+01,
         4.89897949e-01,   1.42070405e+01,   7.76144316e+00,
         0.00000000e+00,   6.93974063e+00,   1.31969693e+01,
         1.35646600e+00,   1.29089117e+01,   1.19498954e+01,
         6.97423831e+00,   0.00000000e+00,   2.15276566e+01,
         9.88736568e+00,   2.33015021e+01,   1.01587401e+01,
         1.94976922e+01,   2.08365064e+01,   0.00000000e+00,
         1.97963168e-03])], 'coef': [array([[ 0.],
       [ 0.],
       [ 0.],
       [ 0.],
       [ 0.],
       [ 0.]]), array([[ 0.],
       [ 0.],
       [ 0.],
       [ 0.],
       [ 0.],
       [ 0.]])]}
