number of samples: 7464
NONERECALL: 0.001000
CV: 5
Abstention True
Inverse_laplace 64
{'perf': [array([  1.91317659e-01,   0.00000000e+00,   0.00000000e+00,
         1.00000000e+00,   7.10611540e-01,   6.05302493e-01,
         8.46865803e-01,   7.40756686e-01,   6.68945068e-01,
         1.00000000e+00,   6.11905997e-01,   2.39401144e-01,
         8.00622243e-01,   6.21087357e-01,   3.82753770e-01,
         1.49280000e+03,   1.11300000e+03,   7.74400000e+02,
         1.14620000e+03,   1.02160000e+03,   8.00600000e+02,
         0.00000000e+00,   5.50375747e-01,   5.95188444e-01]), array([  6.35700072e-03,   0.00000000e+00,   0.00000000e+00,
         0.00000000e+00,   1.32343818e-02,   1.65108560e-02,
         1.31128822e-02,   7.81115960e-03,   9.32385279e-03,
         0.00000000e+00,   1.60505395e-02,   1.40234611e-02,
         1.62358426e-02,   1.29578910e-02,   1.50356204e-02,
         4.00000000e-01,   1.34014925e+01,   2.11527776e+01,
         6.79411510e+00,   1.61443489e+01,   6.94550214e+00,
         0.00000000e+00,   4.39027917e-03,   1.24901574e-02])]}
