number of samples: 4684
NONERECALL: 0.001000
CV: 5
{'alpha': [0.0, 0.0], 'perf': [array([  4.09476963e-01,   0.00000000e+00,   0.00000000e+00,
         9.41503389e-01,   7.74343011e-01,   7.32708955e-01,
         7.75618906e-01,   7.36330715e-01,   7.39747466e-01,
         9.41503389e-01,   7.67649038e-01,   6.62361467e-01,
         7.61357467e-01,   6.88804441e-01,   6.64753397e-01,
         9.36800000e+02,   9.10000000e+02,   7.41400000e+02,
         8.80800000e+02,   7.93400000e+02,   7.27600000e+02,
         0.00000000e+00,   7.41852513e-01,   6.34074815e-01]), array([  1.21088331e-02,   0.00000000e+00,   0.00000000e+00,
         8.08002174e-03,   2.13262723e-02,   1.03572465e-02,
         3.54609371e-03,   1.71463156e-02,   1.29031278e-02,
         8.08002174e-03,   2.24703549e-02,   8.86418198e-03,
         3.14070164e-03,   1.77798414e-02,   1.93174992e-02,
         4.00000000e-01,   3.34664011e+00,   1.13947356e+01,
         5.63560112e+00,   8.30903123e+00,   1.08185027e+01,
         0.00000000e+00,   5.03978595e-03,   1.08244572e-02])]}
