number of samples: 4684
------all feature -----
NONERECALL: 0.001000
CV: 5
{'interc': [array([ 2.21595196, -0.44885169, -0.17937563, -0.98191109, -0.72772095,
        0.1219074 ]), array([ 0.00940182,  0.01539935,  0.01598459,  0.00775944,  0.01753204,
        0.00563812])], 'perf': [array([  6.76771201e-02,   9.67873824e-01,  -7.33107536e+02,
         1.00000000e+00,   5.89241442e-01,   7.98896962e-01,
         1.33647347e-01,   5.54437238e-01,   8.88340904e-01,
         1.00000000e+00,   5.77159365e-01,   7.46130111e-01,
         7.85867338e-02,   4.73805125e-01,   8.56116267e-01,
         9.36800000e+02,   9.10000000e+02,   7.41400000e+02,
         8.80800000e+02,   7.93400000e+02,   7.27600000e+02,
        -3.07082529e-01,   4.88829310e-01,   4.27763385e-01]), array([  7.41171720e-03,   2.06994404e-03,   4.22901994e+01,
         0.00000000e+00,   1.55203996e-02,   2.39436393e-02,
         1.05636149e-02,   1.89646781e-02,   9.49501255e-03,
         0.00000000e+00,   1.54584567e-02,   2.79110957e-02,
         7.26565453e-03,   2.41554290e-02,   1.34199253e-02,
         4.00000000e-01,   3.34664011e+00,   1.13947356e+01,
         5.63560112e+00,   8.30903123e+00,   1.08185027e+01,
         1.54217866e-02,   6.00963751e-03,   7.95157165e-03])], 'coef': [array([[-0.0050358 ,  0.02060175,  0.01699377, -0.08034319, -0.09988267],
       [-0.06659447, -0.03946848, -0.06381757, -0.09715441, -0.29441138],
       [-0.14483659, -0.03185879,  0.19102484,  0.27782636,  0.05366112],
       [-0.01176367,  0.05688943,  0.01373012, -0.05800802,  0.04223918],
       [ 0.15159808,  0.15215877, -0.08003058,  0.00613497,  0.00519773],
       [ 0.07663246, -0.15832268, -0.07790058, -0.04845572,  0.29319602]]), array([[ 0.004316  ,  0.00725852,  0.0051086 ,  0.00822884,  0.00821506],
       [ 0.0119233 ,  0.01945198,  0.00762758,  0.01092834,  0.00761515],
       [ 0.03438409,  0.0194422 ,  0.01566092,  0.01231105,  0.00956844],
       [ 0.01196115,  0.0127133 ,  0.00921903,  0.00937835,  0.01104515],
       [ 0.01356983,  0.01212025,  0.01688132,  0.01618671,  0.01865807],
       [ 0.01026665,  0.01723802,  0.01494314,  0.02203552,  0.00927019]])]}
