number of samples: 100
NONERECALL: 0.001000
CV: 5
{'alpha': [0.0, 0.0], 'perf': [array([  0.09      ,   0.        ,   0.        ,   0.9       ,
         0.59      ,   0.65      ,   0.61      ,   0.65      ,
         0.57      ,   0.9       ,   0.56422773,   0.53661765,
         0.59350877,   0.58549536,   0.45951754,  20.        ,
        18.8       ,  15.        ,  19.        ,  17.        ,
        15.8       ,   0.        ,   0.58032548,   0.43460234,
                nan,   0.95454545,   0.91119162,   0.95454545,
         0.95454545,   0.87374497,          nan,          nan,
         0.58981352,   0.50333333,   0.59075758,   0.58137529,
         0.32916667,   0.63597514,          nan,   0.63324675,
         0.56917638,   0.52099567,          nan,   0.55      ,
         0.61505495,          nan,   0.5904046 ,   0.51684982,
                nan,   0.58650794,   0.60337995,   0.41277778,
                nan,   0.6749284 ,   0.25833333,   0.64731935,
         0.56309163,   0.55742036,   0.51818182,          nan,
         0.        ,  20.        ,  18.6       ,  20.        ,
        20.        ,  18.2       ,   0.        ,   0.        ,
        10.6       ,  10.4       ,  11.8       ,  10.8       ,
         1.4       ,   9.2       ,   0.        ,   7.8       ,
         9.        ,   7.4       ,   0.        ,   9.6       ,
        11.4       ,   0.        ,  11.8       ,  10.4       ,
         0.        ,   7.8       ,   9.6       ,   7.8       ,
         0.        ,  10.        ,   1.8       ,   9.2       ,
        10.        ,   9.        ,   8.4       ,   0.        ,   0.58903317]), array([  5.83095189e-02,   0.00000000e+00,   0.00000000e+00,
         8.94427191e-02,   1.68522995e-01,   7.07106781e-02,
         1.11355287e-01,   1.14017543e-01,   9.27361850e-02,
         8.94427191e-02,   1.86030757e-01,   5.67848520e-02,
         9.82543856e-02,   1.41408407e-01,   6.94783912e-02,
         0.00000000e+00,   1.16619038e+00,   1.67332005e+00,
         8.94427191e-01,   1.41421356e+00,   1.72046505e+00,
         0.00000000e+00,   4.09382115e-02,   9.26192649e-02,
                    nan,   1.11022302e-16,   4.07325723e-02,
         1.11022302e-16,   1.11022302e-16,   7.40660037e-02,
                    nan,              nan,   1.07258625e-01,
         1.43139404e-01,   1.46708922e-01,   1.25968030e-01,
         5.31964389e-02,   1.76417167e-01,              nan,
         1.78571381e-01,   7.70057305e-02,   1.07542436e-01,
                    nan,   1.22222222e-01,   7.23971523e-02,
                    nan,   1.27233907e-01,   9.61801813e-02,
                    nan,   1.60592252e-01,   6.72400239e-02,
         1.42612312e-01,              nan,   8.56243093e-02,
         7.59202798e-02,   1.02382760e-01,   6.25526650e-02,
         1.01555339e-01,   8.83269658e-02,              nan,
         0.00000000e+00,   0.00000000e+00,   1.01980390e+00,
         0.00000000e+00,   0.00000000e+00,   1.46969385e+00,
         0.00000000e+00,   0.00000000e+00,   1.35646600e+00,
         2.24499443e+00,   1.93907194e+00,   1.32664992e+00,
         1.01980390e+00,   1.32664992e+00,   0.00000000e+00,
         1.46969385e+00,   1.41421356e+00,   2.05912603e+00,
         0.00000000e+00,   2.24499443e+00,   1.01980390e+00,
         0.00000000e+00,   1.72046505e+00,   1.35646600e+00,
         0.00000000e+00,   1.93907194e+00,   8.00000000e-01,
         1.32664992e+00,   0.00000000e+00,   1.41421356e+00,
         1.46969385e+00,   1.32664992e+00,   2.60768096e+00,
         1.41421356e+00,   4.89897949e-01,   0.00000000e+00,
         1.93038257e-02])], 'size': [66.200000000000003, 3.4871191548325386]}
number of samples: 200
NONERECALL: 0.001000
CV: 5
{'alpha': [0.0, 0.0], 'perf': [array([  3.50000000e-02,   0.00000000e+00,   0.00000000e+00,
         8.80000000e-01,   5.60000000e-01,   6.20000000e-01,
         5.80000000e-01,   6.15000000e-01,   6.00000000e-01,
         8.80000000e-01,   5.51970310e-01,   5.42279255e-01,
         5.65477623e-01,   5.30327550e-01,   4.96452893e-01,
         4.00000000e+01,   3.92000000e+01,   3.32000000e+01,
         3.86000000e+01,   3.30000000e+01,   3.14000000e+01,
         0.00000000e+00,   5.75500426e-01,   3.49489879e-01,
                    nan,   9.76190476e-01,   9.14043810e-01,
         9.76190476e-01,   9.41922184e-01,   9.08342990e-01,
                    nan,              nan,   5.17399267e-01,
         5.61744325e-01,   5.32380952e-01,   6.26185185e-01,
         2.73333333e-01,   4.87247475e-01,              nan,
         4.57619048e-01,   3.95531342e-01,   4.01207729e-01,
                    nan,   4.83288084e-01,   5.61350718e-01,
                    nan,   5.38945767e-01,   5.29541063e-01,
         3.05555556e-01,   4.26923077e-01,   4.95757576e-01,
         3.22474323e-01,              nan,   5.11769809e-01,
         2.45238095e-01,   4.34562007e-01,   5.33371472e-01,
         5.13888889e-01,   4.56650071e-01,              nan,
         0.00000000e+00,   4.00000000e+01,   3.76000000e+01,
         4.00000000e+01,   3.92000000e+01,   3.68000000e+01,
         0.00000000e+00,   0.00000000e+00,   2.28000000e+01,
         2.28000000e+01,   2.64000000e+01,   2.34000000e+01,
         2.40000000e+00,   1.68000000e+01,   0.00000000e+00,
         1.42000000e+01,   1.78000000e+01,   1.48000000e+01,
         0.00000000e+00,   1.72000000e+01,   2.46000000e+01,
         0.00000000e+00,   2.60000000e+01,   2.14000000e+01,
         8.00000000e-01,   1.34000000e+01,   2.00000000e+01,
         1.32000000e+01,   0.00000000e+00,   1.76000000e+01,
         3.20000000e+00,   1.60000000e+01,   2.02000000e+01,
         1.76000000e+01,   1.88000000e+01,   0.00000000e+00,
         5.06330388e-01]), array([  2.54950976e-02,   0.00000000e+00,   0.00000000e+00,
         6.00000000e-02,   8.30662386e-02,   5.56776436e-02,
         4.84767986e-02,   1.01980390e-01,   1.22474487e-01,
         6.00000000e-02,   8.03335308e-02,   5.76835109e-02,
         4.13210065e-02,   1.32350203e-01,   1.16998921e-01,
         0.00000000e+00,   7.48331477e-01,   2.78567766e+00,
         1.01980390e+00,   1.41421356e+00,   2.65329983e+00,
         0.00000000e+00,   3.55588468e-02,   5.11422564e-02,
                    nan,   1.11022302e-16,   4.16444301e-02,
         1.11022302e-16,   2.86528753e-02,   7.07117775e-02,
                    nan,              nan,   8.11378050e-02,
         7.71644031e-02,   1.63331251e-01,   1.62949478e-01,
         5.22812905e-02,   9.21582251e-02,              nan,
         1.16228160e-01,   5.93406559e-02,   1.54344613e-01,
                    nan,   5.88434549e-02,   1.04491150e-01,
                    nan,   1.17268891e-01,   7.04565648e-02,
         3.92837101e-02,   4.48328586e-02,   8.91671494e-02,
         5.65517137e-02,              nan,   1.59891712e-01,
         8.02490455e-02,   1.21111495e-01,   8.92796714e-02,
         7.77332458e-02,   1.41361629e-01,              nan,
         0.00000000e+00,   0.00000000e+00,   1.01980390e+00,
         0.00000000e+00,   7.48331477e-01,   1.46969385e+00,
         0.00000000e+00,   0.00000000e+00,   3.18747549e+00,
         3.86781592e+00,   8.00000000e-01,   5.67802783e+00,
         1.01980390e+00,   2.71293199e+00,   0.00000000e+00,
         2.03960781e+00,   1.72046505e+00,   3.65513338e+00,
         0.00000000e+00,   3.86781592e+00,   2.49799920e+00,
         0.00000000e+00,   2.28035085e+00,   3.00665928e+00,
         7.48331477e-01,   1.20000000e+00,   1.78885438e+00,
         2.13541565e+00,   0.00000000e+00,   3.66606056e+00,
         1.46969385e+00,   5.54977477e+00,   4.16653333e+00,
         3.38230691e+00,   4.83321839e+00,   0.00000000e+00,
         2.98875488e-02])], 'size': [133.80000000000001, 3.709447398198281]}
number of samples: 100
NONERECALL: 0.001000
CV: 5
{'alpha': [0.0, 0.0], 'perf': [array([  0.1       ,   0.        ,   0.        ,   0.81      ,
         0.59      ,   0.63      ,   0.67      ,   0.54      ,
         0.6       ,   0.81      ,   0.56258503,   0.50675676,
         0.65248227,   0.45898004,   0.49197689,  50.        ,
        47.        ,  37.5       ,  47.5       ,  42.5       ,
        39.5       ,   0.        ,   0.56837371,   0.412     ,
                nan,   0.98076923,   0.90731293,   0.98076923,
         0.98076923,   0.83067376,          nan,          nan,
         0.50806452,   0.47956577,   0.61794355,   0.60344828,
         0.26666667,   0.63768116,          nan,   0.48809524,
         0.58110368,   0.41183575,          nan,   0.57481481,
         0.55645161,          nan,   0.64919355,   0.62260536,
                nan,   0.44047619,   0.5162963 ,   0.28246753,
                nan,   0.66206897,   0.22619048,   0.66      ,
         0.52945302,   0.56605351,   0.7173913 ,          nan,
         0.        ,  50.        ,  46.5       ,  50.        ,
        50.        ,  45.5       ,   0.        ,   0.        ,
        26.5       ,  26.        ,  29.5       ,  27.        ,
         3.5       ,  23.        ,   0.        ,  19.5       ,
        22.5       ,  18.5       ,   0.        ,  24.        ,
        28.5       ,   0.        ,  29.5       ,  26.        ,
         0.        ,  19.5       ,  24.        ,  19.5       ,
         0.        ,  25.        ,   4.5       ,  23.        ,
        25.        ,  22.5       ,  21.        ,   0.        ,   0.55950858]), array([ 0.04      ,  0.        ,  0.        ,  0.07      ,  0.01      ,
        0.01      ,  0.01      ,  0.02      ,  0.02      ,  0.07      ,
        0.0292517 ,  0.00675676,  0.0141844 ,  0.00443459,  0.04460847,
        0.        ,  2.        ,  0.5       ,  0.5       ,  1.5       ,
        1.5       ,  0.        ,  0.00693106,  0.05466667,         nan,
        0.        ,  0.00935374,  0.        ,  0.        ,  0.08599291,
               nan,         nan,  0.00806452,  0.07215837,  0.06955645,
        0.12068966,  0.06666667,  0.02898551,         nan,  0.01190476,
        0.15802676,  0.02294686,         nan,  0.05481481,  0.05645161,
               nan,  0.10080645,  0.06704981,         nan,  0.05952381,
        0.0762963 ,  0.1461039 ,         nan,  0.06206897,  0.05952381,
        0.14      ,  0.05119215,  0.08779264,  0.10869565,         nan,
        0.        ,  0.        ,  0.5       ,  0.        ,  0.        ,
        0.5       ,  0.        ,  0.        ,  2.5       ,  1.        ,
        0.5       ,  0.        ,  0.5       ,  2.        ,  0.        ,
        0.5       ,  1.5       ,  2.5       ,  0.        ,  1.        ,
        0.5       ,  0.        ,  0.5       ,  1.        ,  0.        ,
        0.5       ,  1.        ,  0.5       ,  0.        ,  2.        ,
        0.5       ,  0.        ,  4.        ,  1.5       ,  0.        ,
        0.        ,  0.02837559])], 'size': [42.0, 1.0]}
number of samples: 200
NONERECALL: 0.001000
CV: 5
{'alpha': [0.0, 0.0], 'perf': [array([  8.50000000e-02,   0.00000000e+00,   0.00000000e+00,
         8.00000000e-01,   6.60000000e-01,   6.30000000e-01,
         6.65000000e-01,   5.70000000e-01,   5.85000000e-01,
         8.00000000e-01,   6.53061224e-01,   5.54587689e-01,
         6.53813104e-01,   4.78676471e-01,   4.73624227e-01,
         1.00000000e+02,   9.80000000e+01,   8.30000000e+01,
         9.65000000e+01,   8.25000000e+01,   7.85000000e+01,
         0.00000000e+00,   5.90619758e-01,   3.77176871e-01,
                    nan,   9.90196078e-01,   8.91337386e-01,
         9.90196078e-01,   9.60296030e-01,   8.61912847e-01,
                    nan,              nan,   5.80086580e-01,
         6.25868056e-01,   7.62337662e-01,   6.47619048e-01,
         4.00000000e-01,   4.77083333e-01,              nan,
         4.12873400e-01,   4.40666041e-01,   4.96031746e-01,
                    nan,   4.87500000e-01,   5.82465278e-01,
                    nan,   7.11044042e-01,   5.57504873e-01,
         2.66666667e-01,   3.28548644e-01,   4.53340799e-01,
         2.79605263e-01,              nan,   3.83653846e-01,
         1.01010101e-01,   3.62980769e-01,   3.87609649e-01,
         3.03977273e-01,   4.00299529e-01,              nan,
         0.00000000e+00,   1.00000000e+02,   9.40000000e+01,
         1.00000000e+02,   9.80000000e+01,   9.20000000e+01,
         0.00000000e+00,   0.00000000e+00,   5.70000000e+01,
         5.70000000e+01,   6.60000000e+01,   5.85000000e+01,
         6.00000000e+00,   4.20000000e+01,   0.00000000e+00,
         3.55000000e+01,   4.45000000e+01,   3.70000000e+01,
         0.00000000e+00,   4.30000000e+01,   6.15000000e+01,
         0.00000000e+00,   6.50000000e+01,   5.35000000e+01,
         2.00000000e+00,   3.35000000e+01,   5.00000000e+01,
         3.30000000e+01,   0.00000000e+00,   4.40000000e+01,
         8.00000000e+00,   4.00000000e+01,   5.05000000e+01,
         4.40000000e+01,   4.70000000e+01,   0.00000000e+00,
         4.83876645e-01]), array([  2.50000000e-02,   0.00000000e+00,   0.00000000e+00,
         6.00000000e-02,   2.00000000e-02,   3.00000000e-02,
         6.50000000e-02,   1.00000000e-02,   5.50000000e-02,
         6.00000000e-02,   2.04081633e-02,   3.07781649e-02,
         6.19763695e-02,   3.67647059e-03,   3.98892869e-02,
         0.00000000e+00,   0.00000000e+00,   1.00000000e+00,
         1.50000000e+00,   2.50000000e+00,   4.50000000e+00,
         0.00000000e+00,   1.19064180e-02,   9.48979592e-03,
                    nan,   0.00000000e+00,   3.41945289e-02,
         0.00000000e+00,   2.96029603e-02,   1.98075835e-02,
                    nan,              nan,   5.62770563e-02,
         1.47569444e-02,   8.05194805e-02,   1.90476190e-02,
         1.00000000e-01,   2.08333333e-03,              nan,
         3.44950213e-02,   1.64165103e-03,   5.15873016e-02,
                    nan,   8.75000000e-02,   2.69097222e-02,
                    nan,   3.49877040e-02,   3.89863548e-02,
         6.66666667e-02,   6.53907496e-02,   1.47443076e-02,
         9.53947368e-02,              nan,   5.86538462e-02,
         1.01010101e-02,   7.45192308e-02,   3.34429825e-02,
         8.52272727e-03,   1.43346170e-02,              nan,
         0.00000000e+00,   0.00000000e+00,   2.00000000e+00,
         0.00000000e+00,   1.00000000e+00,   1.00000000e+00,
         0.00000000e+00,   0.00000000e+00,   4.00000000e+00,
         5.00000000e+00,   2.00000000e+00,   9.50000000e+00,
         2.00000000e+00,   4.00000000e+00,   0.00000000e+00,
         5.00000000e-01,   5.50000000e+00,   3.00000000e+00,
         0.00000000e+00,   5.00000000e+00,   5.00000000e-01,
         0.00000000e+00,   4.00000000e+00,   1.50000000e+00,
         1.00000000e+00,   2.50000000e+00,   5.00000000e+00,
         3.00000000e+00,   0.00000000e+00,   6.00000000e+00,
         1.00000000e+00,   1.00000000e+01,   4.50000000e+00,
         2.00000000e+00,   8.00000000e+00,   0.00000000e+00,
         1.53106808e-02])], 'size': [82.5, 3.5]}
number of samples: 300
NONERECALL: 0.001000
CV: 5
{'alpha': [0.0, 0.0], 'perf': [array([  7.66666667e-02,   0.00000000e+00,   0.00000000e+00,
         8.73333333e-01,   6.06666667e-01,   6.23333333e-01,
         6.86666667e-01,   5.63333333e-01,   6.00000000e-01,
         8.73333333e-01,   5.94756731e-01,   5.45404208e-01,
         6.77973258e-01,   4.82033496e-01,   4.91549398e-01,
         1.50000000e+02,   1.45500000e+02,   1.24000000e+02,
         1.46000000e+02,   1.26500000e+02,   1.17500000e+02,
         0.00000000e+00,   5.95535726e-01,   3.57270270e-01,
                    nan,   9.93421053e-01,   9.26118855e-01,
         9.93421053e-01,   9.83463727e-01,   9.16553288e-01,
                    nan,              nan,   5.02238199e-01,
         5.16983017e-01,   7.18927126e-01,   5.91709781e-01,
         9.40170940e-02,   5.31515152e-01,              nan,
         3.25431034e-01,   5.02467105e-01,   4.97086864e-01,
                    nan,   5.19480519e-01,   5.89317353e-01,
                    nan,   7.05382153e-01,   5.89743590e-01,
         1.66666667e-01,   3.86135057e-01,   4.81305115e-01,
         2.79629630e-01,              nan,   3.93633100e-01,
         1.69172932e-01,   3.96533044e-01,   4.73318713e-01,
         4.32512315e-01,   4.17062123e-01,              nan,
         0.00000000e+00,   1.50000000e+02,   1.41000000e+02,
         1.50000000e+02,   1.48000000e+02,   1.39000000e+02,
         0.00000000e+00,   0.00000000e+00,   8.45000000e+01,
         8.20000000e+01,   9.75000000e+01,   8.85000000e+01,
         9.00000000e+00,   6.30000000e+01,   0.00000000e+00,
         5.10000000e+01,   6.80000000e+01,   5.95000000e+01,
         0.00000000e+00,   6.80000000e+01,   9.60000000e+01,
         0.00000000e+00,   9.80000000e+01,   8.55000000e+01,
         2.00000000e+00,   5.10000000e+01,   7.35000000e+01,
         5.00000000e+01,   0.00000000e+00,   7.10000000e+01,
         1.10000000e+01,   5.95000000e+01,   7.20000000e+01,
         6.20000000e+01,   6.65000000e+01,   0.00000000e+00,
         4.77996190e-01]), array([  3.33333333e-03,   0.00000000e+00,   0.00000000e+00,
         1.33333333e-02,   7.33333333e-02,   3.66666667e-02,
         1.33333333e-02,   3.66666667e-02,   6.00000000e-02,
         1.33333333e-02,   7.42087860e-02,   2.60243632e-02,
         1.59042928e-02,   4.55255593e-02,   5.71231684e-02,
         0.00000000e+00,   5.00000000e-01,   5.00000000e+00,
         1.00000000e+00,   5.00000000e-01,   4.50000000e+00,
         0.00000000e+00,   9.36837276e-03,   3.32702703e-02,
                    nan,   0.00000000e+00,   3.25018342e-02,
         0.00000000e+00,   9.77951636e-03,   3.90022676e-02,
                    nan,              nan,   8.98670646e-02,
         1.04895105e-02,   7.38866397e-03,   5.85119488e-03,
         1.70940171e-02,   1.04848485e-01,              nan,
         4.95689655e-02,   2.87828947e-02,   2.83368644e-02,
                    nan,   5.19480519e-02,   8.43668577e-02,
                    nan,   1.91076431e-02,   2.93040293e-02,
         0.00000000e+00,   9.30316092e-02,   6.15520282e-02,
         2.03703704e-02,              nan,   3.92027206e-02,
         1.16541353e-01,   1.19176598e-02,   1.27923977e-02,
         5.32019704e-02,   9.16738568e-03,              nan,
         0.00000000e+00,   0.00000000e+00,   2.00000000e+00,
         0.00000000e+00,   2.00000000e+00,   6.00000000e+00,
         0.00000000e+00,   0.00000000e+00,   1.05000000e+01,
         7.00000000e+00,   4.50000000e+00,   8.50000000e+00,
         2.00000000e+00,   1.00000000e+01,   0.00000000e+00,
         5.00000000e+00,   6.00000000e+00,   2.50000000e+00,
         0.00000000e+00,   7.00000000e+00,   3.00000000e+00,
         0.00000000e+00,   2.00000000e+00,   3.50000000e+00,
         2.00000000e+00,   5.00000000e+00,   5.50000000e+00,
         2.00000000e+00,   0.00000000e+00,   6.00000000e+00,
         6.00000000e+00,   9.50000000e+00,   2.00000000e+00,
         6.00000000e+00,   7.50000000e+00,   0.00000000e+00,
         2.77523805e-02])], 'size': [123.0, 5.0]}
number of samples: 400
NONERECALL: 0.001000
CV: 5
{'alpha': [0.0, 0.0], 'perf': [array([  9.50000000e-02,   0.00000000e+00,   0.00000000e+00,
         8.62500000e-01,   6.65000000e-01,   5.62500000e-01,
         6.25000000e-01,   6.25000000e-01,   6.05000000e-01,
         8.62500000e-01,   6.54709712e-01,   4.58247067e-01,
         6.12605513e-01,   5.57251776e-01,   4.91728017e-01,
         2.00000000e+02,   1.94000000e+02,   1.61500000e+02,
         1.93500000e+02,   1.69500000e+02,   1.55500000e+02,
         0.00000000e+00,   5.92529220e-01,   4.22427506e-01,
                    nan,   9.95049505e-01,   9.10218365e-01,
         9.95049505e-01,   9.92474874e-01,   9.20402049e-01,
                    nan,              nan,   6.21739130e-01,
         5.97990389e-01,   6.77703739e-01,   6.78831863e-01,
         2.00892857e-01,   4.82142857e-01,              nan,
         4.05772994e-01,   4.20371275e-01,   4.13952105e-01,
                    nan,   4.73365231e-01,   6.30645161e-01,
                    nan,   6.41258741e-01,   6.22709219e-01,
         2.25000000e-01,   3.53615520e-01,   5.95518868e-01,
         3.87254902e-01,              nan,   5.86684149e-01,
         1.94570136e-01,   4.01219512e-01,   5.21498227e-01,
         4.16821705e-01,   4.50575174e-01,              nan,
         0.00000000e+00,   2.00000000e+02,   1.87000000e+02,
         2.00000000e+02,   1.97500000e+02,   1.87000000e+02,
         0.00000000e+00,   0.00000000e+00,   1.13000000e+02,
         1.05000000e+02,   1.28500000e+02,   1.18000000e+02,
         1.30000000e+01,   8.30000000e+01,   0.00000000e+00,
         6.95000000e+01,   8.85000000e+01,   8.00000000e+01,
         0.00000000e+00,   9.50000000e+01,   1.25000000e+02,
         0.00000000e+00,   1.29000000e+02,   1.18000000e+02,
         2.50000000e+00,   7.00000000e+01,   9.90000000e+01,
         6.80000000e+01,   0.00000000e+00,   9.95000000e+01,
         1.30000000e+01,   7.90000000e+01,   9.30000000e+01,
         7.85000000e+01,   8.45000000e+01,   0.00000000e+00,
         5.14777281e-01]), array([  2.00000000e-02,   0.00000000e+00,   0.00000000e+00,
         3.75000000e-02,   1.50000000e-02,   1.25000000e-02,
         2.00000000e-02,   1.00000000e-02,   1.50000000e-02,
         3.75000000e-02,   1.36840707e-02,   1.38026225e-02,
         1.56667379e-02,   1.83296198e-02,   2.41955497e-02,
         0.00000000e+00,   1.00000000e+00,   5.00000000e-01,
         2.50000000e+00,   2.50000000e+00,   1.50000000e+00,
         0.00000000e+00,   1.69012566e-04,   1.82187521e-02,
                    nan,   0.00000000e+00,   3.12709966e-02,
         0.00000000e+00,   2.52512563e-03,   2.20063275e-02,
                    nan,              nan,   3.04347826e-02,
         7.51419834e-03,   5.18044581e-02,   4.01764011e-02,
         1.33928571e-02,   1.78571429e-02,              nan,
         8.51272016e-03,   2.90669272e-02,   5.59274134e-02,
                    nan,   4.17862839e-02,   3.06451613e-02,
                    nan,   4.89510490e-03,   3.21580378e-02,
         2.50000000e-02,   1.06701940e-01,   2.94811321e-02,
         5.39215686e-02,              nan,   1.93764569e-02,
         4.07239819e-02,   1.21951220e-03,   4.23315603e-02,
         9.84496124e-03,   1.00989834e-02,              nan,
         0.00000000e+00,   0.00000000e+00,   1.00000000e+00,
         0.00000000e+00,   5.00000000e-01,   2.00000000e+00,
         0.00000000e+00,   0.00000000e+00,   0.00000000e+00,
         2.00000000e+00,   8.50000000e+00,   1.00000000e+00,
         1.00000000e+00,   1.00000000e+00,   0.00000000e+00,
         1.50000000e+00,   1.50000000e+00,   1.00000000e+00,
         0.00000000e+00,   2.00000000e+00,   3.00000000e+00,
         0.00000000e+00,   1.00000000e+00,   7.00000000e+00,
         5.00000000e-01,   9.00000000e+00,   5.00000000e+00,
         2.00000000e+00,   0.00000000e+00,   2.50000000e+00,
         2.00000000e+00,   1.00000000e+00,   1.00000000e+00,
         5.50000000e+00,   2.50000000e+00,   0.00000000e+00,
         9.29446386e-03])], 'size': [165.5, 3.5]}
number of samples: 500
NONERECALL: 0.001000
CV: 5
{'alpha': [0.0, 0.0], 'perf': [array([  1.36000000e-01,   0.00000000e+00,   0.00000000e+00,
         8.86000000e-01,   6.70000000e-01,   5.94000000e-01,
         6.88000000e-01,   6.56000000e-01,   5.48000000e-01,
         8.86000000e-01,   6.61013662e-01,   4.92995622e-01,
         6.74492915e-01,   5.98052061e-01,   4.13234738e-01,
         2.50000000e+02,   2.43500000e+02,   2.00000000e+02,
         2.40000000e+02,   2.14000000e+02,   1.92500000e+02,
         0.00000000e+00,   6.02529638e-01,   4.45289589e-01,
                    nan,   9.96031746e-01,   9.17398330e-01,
         9.96031746e-01,   9.69943775e-01,   9.53389831e-01,
                    nan,              nan,   6.50326025e-01,
         6.09861407e-01,   6.99843698e-01,   7.00000000e-01,
         1.08359133e-01,   4.44994499e-01,              nan,
         3.56691919e-01,   4.29388715e-01,   4.99749975e-01,
                    nan,   5.43201754e-01,   6.57103183e-01,
                    nan,   6.43471338e-01,   6.91579334e-01,
         2.25000000e-01,   3.45616509e-01,   5.81144465e-01,
         4.17582418e-01,              nan,   5.76682927e-01,
         1.66666667e-01,   4.00990099e-01,   5.31939895e-01,
         3.45261697e-01,   3.66521953e-01,              nan,
         0.00000000e+00,   2.50000000e+02,   2.34000000e+02,
         2.50000000e+02,   2.47500000e+02,   2.34000000e+02,
         0.00000000e+00,   0.00000000e+00,   1.43500000e+02,
         1.35000000e+02,   1.62000000e+02,   1.48000000e+02,
         1.60000000e+01,   1.02500000e+02,   0.00000000e+00,
         9.15000000e+01,   1.11000000e+02,   9.80000000e+01,
         0.00000000e+00,   1.15000000e+02,   1.51000000e+02,
         0.00000000e+00,   1.56500000e+02,   1.45500000e+02,
         2.50000000e+00,   8.65000000e+01,   1.24500000e+02,
         8.90000000e+01,   0.00000000e+00,   1.22000000e+02,
         1.60000000e+01,   9.90000000e+01,   1.16500000e+02,
         9.85000000e+01,   1.08500000e+02,   0.00000000e+00,
         5.01173186e-01]), array([  1.20000000e-02,   0.00000000e+00,   0.00000000e+00,
         1.00000000e-02,   2.60000000e-02,   2.60000000e-02,
         2.40000000e-02,   4.00000000e-03,   2.80000000e-02,
         1.00000000e-02,   2.87822567e-02,   1.98248906e-02,
         3.04251181e-02,   8.42941999e-03,   3.17914395e-02,
         0.00000000e+00,   1.50000000e+00,   5.00000000e+00,
         4.00000000e+00,   2.00000000e+00,   1.50000000e+00,
         0.00000000e+00,   3.15520841e-03,   1.35019550e-03,
                    nan,   0.00000000e+00,   6.00592513e-03,
         0.00000000e+00,   1.94377510e-03,   1.27118644e-02,
                    nan,              nan,   4.89746740e-02,
         1.70042644e-02,   5.48732835e-02,   0.00000000e+00,
         4.95356037e-02,   5.50055006e-04,              nan,
         2.71464646e-02,   6.97492163e-03,   2.50025003e-02,
                    nan,   1.82017544e-02,   1.83935057e-02,
                    nan,   6.52866242e-03,   1.59036588e-02,
         2.50000000e-02,   1.58292745e-02,   4.22138837e-03,
         4.39560440e-02,              nan,   8.68292683e-03,
         0.00000000e+00,   2.47524752e-02,   6.97550207e-02,
         5.68001586e-02,   4.50524246e-04,              nan,
         0.00000000e+00,   0.00000000e+00,   1.00000000e+00,
         0.00000000e+00,   5.00000000e-01,   0.00000000e+00,
         0.00000000e+00,   0.00000000e+00,   2.50000000e+00,
         3.00000000e+00,   5.00000000e+00,   0.00000000e+00,
         1.00000000e+00,   3.50000000e+00,   0.00000000e+00,
         5.50000000e+00,   3.00000000e+00,   1.00000000e+00,
         0.00000000e+00,   3.00000000e+00,   2.00000000e+00,
         0.00000000e+00,   1.50000000e+00,   5.00000000e-01,
         5.00000000e-01,   5.50000000e+00,   3.50000000e+00,
         0.00000000e+00,   0.00000000e+00,   1.00000000e+00,
         0.00000000e+00,   0.00000000e+00,   5.00000000e-01,
         3.50000000e+00,   1.50000000e+00,   0.00000000e+00,
         4.35887407e-03])], 'size': [208.5, 5.5]}
number of samples: 600
NONERECALL: 0.001000
CV: 5
{'alpha': [0.0, 0.0], 'perf': [array([  1.35000000e-01,   0.00000000e+00,   0.00000000e+00,
         8.90000000e-01,   6.23333333e-01,   6.23333333e-01,
         6.73333333e-01,   5.95000000e-01,   6.25000000e-01,
         8.90000000e-01,   6.12938789e-01,   5.28001534e-01,
         6.59123355e-01,   5.27031939e-01,   5.12460443e-01,
         3.00000000e+02,   2.92000000e+02,   2.39500000e+02,
         2.87500000e+02,   2.57000000e+02,   2.30500000e+02,
         0.00000000e+00,   6.09333107e-01,   4.47281871e-01,
                    nan,   9.96688742e-01,   9.52383915e-01,
         9.96688742e-01,   9.83305090e-01,   9.22410790e-01,
                    nan,              nan,   5.42500000e-01,
         5.51796157e-01,   6.41922654e-01,   6.21208291e-01,
         7.26190476e-02,   4.93157380e-01,              nan,
         4.27197802e-01,   4.90245262e-01,   4.83739837e-01,
                    nan,   5.45714286e-01,   6.38723299e-01,
                    nan,   6.07862100e-01,   6.22940075e-01,
         3.33333333e-01,   4.30952381e-01,   4.74129657e-01,
         3.13620960e-01,              nan,   5.47644805e-01,
         2.70238095e-01,   5.26421405e-01,   5.04617520e-01,
         5.06853353e-01,   5.06084656e-01,              nan,
         0.00000000e+00,   3.00000000e+02,   2.81500000e+02,
         3.00000000e+02,   2.97500000e+02,   2.81500000e+02,
         0.00000000e+00,   0.00000000e+00,   1.69500000e+02,
         1.60500000e+02,   1.93500000e+02,   1.76000000e+02,
         1.85000000e+01,   1.26000000e+02,   0.00000000e+00,
         1.12500000e+02,   1.32000000e+02,   1.21000000e+02,
         0.00000000e+00,   1.39500000e+02,   1.77500000e+02,
         0.00000000e+00,   1.85500000e+02,   1.77000000e+02,
         2.50000000e+00,   1.04500000e+02,   1.49500000e+02,
         1.08000000e+02,   0.00000000e+00,   1.47000000e+02,
         1.85000000e+01,   1.20500000e+02,   1.35000000e+02,
         1.14500000e+02,   1.28500000e+02,   0.00000000e+00,
         5.16612357e-01]), array([  3.16666667e-02,   0.00000000e+00,   0.00000000e+00,
         1.33333333e-02,   2.00000000e-02,   1.00000000e-02,
         3.33333333e-03,   5.00000000e-03,   2.50000000e-02,
         1.33333333e-02,   2.18734973e-02,   1.74530111e-02,
         4.07108982e-03,   1.31979465e-02,   1.87895570e-02,
         0.00000000e+00,   1.00000000e+00,   2.50000000e+00,
         5.00000000e-01,   4.00000000e+00,   6.50000000e+00,
         0.00000000e+00,   7.95061004e-03,   7.89830927e-03,
                    nan,   0.00000000e+00,   1.67968944e-03,
         0.00000000e+00,   8.36139044e-05,   6.91783208e-03,
                    nan,              nan,   1.10714286e-02,
         1.96324144e-02,   2.74739651e-03,   1.25126390e-02,
         2.26190476e-02,   3.10361681e-02,              nan,
         3.43406593e-02,   4.82162765e-02,   1.21951220e-02,
                    nan,   2.57142857e-02,   4.30948833e-02,
                    nan,   5.17123677e-02,   6.27340824e-03,
         0.00000000e+00,   6.90476190e-02,   6.01169182e-02,
         1.69435491e-03,              nan,   2.47689881e-02,
         7.97619048e-02,   6.48829431e-02,   2.21000374e-02,
         3.22770818e-02,   9.78835979e-03,              nan,
         0.00000000e+00,   0.00000000e+00,   5.00000000e-01,
         0.00000000e+00,   1.50000000e+00,   5.00000000e-01,
         0.00000000e+00,   0.00000000e+00,   3.50000000e+00,
         8.50000000e+00,   1.50000000e+00,   6.00000000e+00,
         5.00000000e-01,   4.00000000e+00,   0.00000000e+00,
         2.50000000e+00,   4.00000000e+00,   0.00000000e+00,
         0.00000000e+00,   8.50000000e+00,   3.50000000e+00,
         0.00000000e+00,   5.00000000e-01,   1.00000000e+00,
         1.50000000e+00,   1.50000000e+00,   5.50000000e+00,
         1.00000000e+00,   0.00000000e+00,   4.00000000e+00,
         5.00000000e-01,   7.50000000e+00,   6.00000000e+00,
         1.50000000e+00,   4.50000000e+00,   0.00000000e+00,
         1.99028695e-02])], 'size': [248.5, 13.5]}
number of samples: 700
NONERECALL: 0.001000
CV: 5
{'alpha': [0.0, 0.0], 'perf': [array([  1.50000000e-01,   0.00000000e+00,   0.00000000e+00,
         9.07142857e-01,   6.65714286e-01,   6.32857143e-01,
         6.77142857e-01,   6.21428571e-01,   6.31428571e-01,
         9.07142857e-01,   6.56948494e-01,   5.46701588e-01,
         6.64210015e-01,   5.57523357e-01,   5.28001337e-01,
         3.50000000e+02,   3.41000000e+02,   2.83500000e+02,
         3.36500000e+02,   2.99500000e+02,   2.73500000e+02,
         0.00000000e+00,   6.31183171e-01,   4.41034607e-01,
                    nan,   9.97159091e-01,   9.44190660e-01,
         9.97159091e-01,   9.91404011e-01,   9.42458860e-01,
                    nan,              nan,   6.25814798e-01,
         5.89701631e-01,   6.87827102e-01,   6.72837838e-01,
         1.31422925e-01,   4.69973420e-01,              nan,
         4.28110599e-01,   5.31446541e-01,   5.44740973e-01,
                    nan,   5.29545455e-01,   6.16983878e-01,
                    nan,   6.64994808e-01,   6.82516340e-01,
         2.00000000e-01,   4.25667828e-01,   5.33203774e-01,
         3.43865484e-01,              nan,   5.19869665e-01,
         6.11888112e-02,   5.13633071e-01,   5.21083956e-01,
         4.32450761e-01,   5.23178211e-01,              nan,
         0.00000000e+00,   3.50000000e+02,   3.29500000e+02,
         3.50000000e+02,   3.47000000e+02,   3.28000000e+02,
         0.00000000e+00,   0.00000000e+00,   1.98500000e+02,
         1.89500000e+02,   2.28500000e+02,   2.09000000e+02,
         2.05000000e+01,   1.47000000e+02,   0.00000000e+00,
         1.30000000e+02,   1.57000000e+02,   1.49500000e+02,
         0.00000000e+00,   1.60500000e+02,   2.09500000e+02,
         0.00000000e+00,   2.17500000e+02,   2.12500000e+02,
         3.00000000e+00,   1.19000000e+02,   1.71500000e+02,
         1.25500000e+02,   0.00000000e+00,   1.75000000e+02,
         2.20000000e+01,   1.37500000e+02,   1.52000000e+02,
         1.28500000e+02,   1.47000000e+02,   0.00000000e+00,
         4.99366687e-01]), array([  1.00000000e-02,   0.00000000e+00,   0.00000000e+00,
         1.42857143e-03,   1.14285714e-02,   1.57142857e-02,
         5.71428571e-03,   4.28571429e-03,   4.57142857e-02,
         1.42857143e-03,   9.71817298e-03,   2.01998208e-02,
         4.44670140e-03,   8.70180837e-03,   6.10895722e-02,
         0.00000000e+00,   2.00000000e+00,   5.00000000e-01,
         1.50000000e+00,   2.50000000e+00,   1.50000000e+00,
         0.00000000e+00,   5.67750254e-03,   1.89174972e-03,
                    nan,   0.00000000e+00,   1.59247261e-03,
         0.00000000e+00,   5.73065903e-03,   5.71187188e-03,
                    nan,              nan,   9.65318207e-03,
         2.88550701e-02,   1.26134267e-02,   2.83783784e-03,
         8.59683794e-02,   1.30197774e-02,              nan,
         6.38248848e-02,   4.71698113e-02,   6.27943485e-03,
                    nan,   2.04545455e-02,   5.78929691e-02,
                    nan,   6.11630322e-03,   3.80718954e-02,
         0.00000000e+00,   2.90360046e-03,   2.17095210e-02,
         3.49223947e-02,              nan,   3.38614873e-03,
         1.57342657e-02,   5.66794288e-02,   4.93858427e-02,
         5.11557967e-02,   9.28932179e-03,              nan,
         0.00000000e+00,   0.00000000e+00,   5.00000000e-01,
         0.00000000e+00,   0.00000000e+00,   2.00000000e+00,
         0.00000000e+00,   0.00000000e+00,   2.50000000e+00,
         2.50000000e+00,   3.50000000e+00,   1.10000000e+01,
         5.00000000e-01,   2.00000000e+00,   0.00000000e+00,
         8.00000000e+00,   0.00000000e+00,   4.50000000e+00,
         0.00000000e+00,   2.50000000e+00,   8.50000000e+00,
         0.00000000e+00,   5.50000000e+00,   1.05000000e+01,
         0.00000000e+00,   2.00000000e+00,   5.00000000e-01,
         4.50000000e+00,   0.00000000e+00,   5.00000000e+00,
         2.00000000e+00,   1.15000000e+01,   5.00000000e+00,
         8.50000000e+00,   5.00000000e+00,   0.00000000e+00,
         1.26741815e-02])], 'size': [286.5, 0.5]}
number of samples: 800
NONERECALL: 0.001000
CV: 5
{'alpha': [0.0, 0.0], 'perf': [array([  1.46250000e-01,   0.00000000e+00,   0.00000000e+00,
         9.00000000e-01,   6.60000000e-01,   6.02500000e-01,
         6.47500000e-01,   6.08750000e-01,   6.11250000e-01,
         9.00000000e-01,   6.51741098e-01,   5.04765140e-01,
         6.32240251e-01,   5.43218199e-01,   5.06288801e-01,
         4.00000000e+02,   3.90500000e+02,   3.21000000e+02,
         3.83000000e+02,   3.42500000e+02,   3.15000000e+02,
         0.00000000e+00,   6.09408617e-01,   4.40590526e-01,
                    nan,   9.97512438e-01,   9.34133233e-01,
         9.97512438e-01,   9.93740554e-01,   9.28458339e-01,
                    nan,              nan,   6.36561276e-01,
         6.44798328e-01,   6.80957263e-01,   6.71253981e-01,
         1.39632107e-01,   4.56633552e-01,              nan,
         3.98139596e-01,   4.68838396e-01,   4.82647769e-01,
                    nan,   4.87051435e-01,   6.47711790e-01,
                    nan,   6.30105594e-01,   6.58973029e-01,
         1.96428571e-01,   3.77375201e-01,   5.55145929e-01,
         3.88474256e-01,              nan,   5.76166738e-01,
         1.24123422e-01,   4.69249186e-01,   5.80178105e-01,
         4.88023566e-01,   4.88505747e-01,              nan,
         0.00000000e+00,   4.00000000e+02,   3.77500000e+02,
         4.00000000e+02,   3.96500000e+02,   3.75000000e+02,
         0.00000000e+00,   0.00000000e+00,   2.29000000e+02,
         2.19000000e+02,   2.63000000e+02,   2.38500000e+02,
         2.25000000e+01,   1.66500000e+02,   0.00000000e+00,
         1.49000000e+02,   1.78500000e+02,   1.66500000e+02,
         0.00000000e+00,   1.81000000e+02,   2.37500000e+02,
         0.00000000e+00,   2.46500000e+02,   2.38500000e+02,
         3.50000000e+00,   1.34500000e+02,   1.96000000e+02,
         1.43500000e+02,   0.00000000e+00,   1.98000000e+02,
         2.50000000e+01,   1.58000000e+02,   1.79000000e+02,
         1.50500000e+02,   1.72000000e+02,   0.00000000e+00,
         5.11845554e-01]), array([  8.75000000e-03,   0.00000000e+00,   0.00000000e+00,
         0.00000000e+00,   1.00000000e-02,   2.50000000e-02,
         5.00000000e-02,   1.62500000e-02,   1.37500000e-02,
         0.00000000e+00,   9.79736376e-03,   2.96098602e-02,
         4.93386965e-02,   4.97457251e-03,   1.90276546e-02,
         0.00000000e+00,   5.00000000e-01,   1.00000000e+00,
         3.00000000e+00,   1.05000000e+01,   1.00000000e+00,
         0.00000000e+00,   8.25299055e-03,   8.85249051e-03,
                    nan,   0.00000000e+00,   2.37470316e-03,
         0.00000000e+00,   3.74055416e-03,   7.19849697e-03,
                    nan,              nan,   2.28273704e-02,
         6.14854894e-05,   2.31625867e-02,   7.46087799e-03,
         5.26755853e-02,   2.28986120e-02,              nan,
         7.73848793e-02,   1.67107367e-02,   5.32999432e-02,
                    nan,   1.86303828e-02,   5.97117904e-02,
                    nan,   3.24960321e-02,   3.39730290e-02,
         5.35714286e-02,   7.80998390e-03,   6.75883257e-03,
         4.60085026e-02,              nan,   2.59275032e-02,
         3.71669004e-02,   7.26088151e-03,   3.65883617e-02,
         5.09374731e-02,   6.89655172e-02,              nan,
         0.00000000e+00,   0.00000000e+00,   1.50000000e+00,
         0.00000000e+00,   1.50000000e+00,   4.00000000e+00,
         0.00000000e+00,   0.00000000e+00,   2.00000000e+00,
         7.00000000e+00,   2.00000000e+00,   8.50000000e+00,
         1.50000000e+00,   2.50000000e+00,   0.00000000e+00,
         8.00000000e+00,   7.50000000e+00,   1.55000000e+01,
         0.00000000e+00,   7.00000000e+00,   1.05000000e+01,
         0.00000000e+00,   2.50000000e+00,   5.00000000e-01,
         1.50000000e+00,   1.50000000e+00,   1.20000000e+01,
         5.00000000e-01,   0.00000000e+00,   9.00000000e+00,
         4.00000000e+00,   1.10000000e+01,   1.40000000e+01,
         1.50000000e+00,   0.00000000e+00,   0.00000000e+00,
         4.64520282e-04])], 'size': [329.5, 1.5]}
number of samples: 900
NONERECALL: 0.001000
CV: 5
{'alpha': [0.0, 0.0], 'perf': [array([  1.62222222e-01,   0.00000000e+00,   0.00000000e+00,
         9.04444444e-01,   6.64444444e-01,   6.17777778e-01,
         6.97777778e-01,   6.04444444e-01,   5.96666667e-01,
         9.04444444e-01,   6.55296080e-01,   5.23742631e-01,
         6.84536371e-01,   5.37699698e-01,   4.84516124e-01,
         4.50000000e+02,   4.38000000e+02,   3.61000000e+02,
         4.31000000e+02,   3.85000000e+02,   3.52500000e+02,
         0.00000000e+00,   6.17038616e-01,   4.44906628e-01,
                    nan,   9.97787611e-01,   9.29858162e-01,
         9.97787611e-01,   9.91081371e-01,   9.42486168e-01,
                    nan,              nan,   6.21721498e-01,
         5.86906710e-01,   7.29658164e-01,   6.77177721e-01,
         3.84057971e-02,   4.72505958e-01,              nan,
         4.40407377e-01,   5.35834512e-01,   4.89363484e-01,
                    nan,   5.29573899e-01,   6.78837515e-01,
                    nan,   6.90069044e-01,   6.83941506e-01,
         1.83333333e-01,   3.94363806e-01,   5.71467195e-01,
         3.47803425e-01,              nan,   5.31889595e-01,
         2.74599542e-01,   4.73310064e-01,   5.34532409e-01,
         4.43016456e-01,   5.07072229e-01,              nan,
         0.00000000e+00,   4.50000000e+02,   4.25500000e+02,
         4.50000000e+02,   4.46500000e+02,   4.21500000e+02,
         0.00000000e+00,   0.00000000e+00,   2.59000000e+02,
         2.45500000e+02,   2.94000000e+02,   2.71000000e+02,
         2.45000000e+01,   1.86000000e+02,   0.00000000e+00,
         1.68500000e+02,   2.00500000e+02,   1.87500000e+02,
         0.00000000e+00,   2.04000000e+02,   2.67000000e+02,
         0.00000000e+00,   2.77000000e+02,   2.68500000e+02,
         3.50000000e+00,   1.51500000e+02,   2.21500000e+02,
         1.62000000e+02,   0.00000000e+00,   2.24500000e+02,
         2.85000000e+01,   1.75000000e+02,   2.00500000e+02,
         1.69500000e+02,   1.92500000e+02,   0.00000000e+00,
         5.07672309e-01]), array([  1.55555556e-02,   0.00000000e+00,   0.00000000e+00,
         1.11111111e-02,   1.11111111e-02,   1.55555556e-02,
         1.33333333e-02,   1.33333333e-02,   2.33333333e-02,
         1.11111111e-02,   9.84153461e-03,   1.01556743e-02,
         1.17253112e-02,   1.43836356e-02,   3.78302449e-02,
         0.00000000e+00,   2.00000000e+00,   7.00000000e+00,
         3.00000000e+00,   1.00000000e+00,   5.50000000e+00,
         0.00000000e+00,   1.08449613e-02,   1.40619822e-02,
                    nan,   0.00000000e+00,   4.10410191e-03,
         0.00000000e+00,   9.94272988e-06,   1.90522934e-02,
                    nan,              nan,   2.88361227e-02,
         5.92471358e-02,   2.11835873e-02,   2.17470098e-02,
         5.07246377e-03,   3.31120191e-02,              nan,
         3.57830994e-02,   1.85392984e-03,   7.73031826e-02,
                    nan,   4.55556344e-02,   2.68228627e-02,
                    nan,   3.65789372e-03,   1.23547902e-02,
         1.66666667e-02,   6.96884815e-02,   4.95373708e-02,
         6.62695458e-03,              nan,   5.40134888e-02,
         1.16704805e-01,   7.75881392e-02,   4.41477938e-02,
         4.53556372e-02,   5.02194374e-02,              nan,
         0.00000000e+00,   0.00000000e+00,   3.50000000e+00,
         0.00000000e+00,   5.00000000e-01,   7.50000000e+00,
         0.00000000e+00,   0.00000000e+00,   8.00000000e+00,
         1.25000000e+01,   1.00000000e+00,   6.00000000e+00,
         3.50000000e+00,   1.00000000e+01,   0.00000000e+00,
         2.50000000e+00,   3.50000000e+00,   9.50000000e+00,
         0.00000000e+00,   1.30000000e+01,   4.00000000e+00,
         0.00000000e+00,   8.00000000e+00,   5.00000000e-01,
         5.00000000e-01,   5.00000000e-01,   4.50000000e+00,
         6.00000000e+00,   0.00000000e+00,   5.00000000e-01,
         7.50000000e+00,   1.00000000e+01,   5.50000000e+00,
         5.00000000e-01,   2.50000000e+00,   0.00000000e+00,
         2.96255616e-02])], 'size': [363.5, 5.5]}
number of samples: 1000
NONERECALL: 0.001000
CV: 5
{'alpha': [0.0, 0.0], 'perf': [array([  1.54000000e-01,   0.00000000e+00,   0.00000000e+00,
         9.02000000e-01,   6.49000000e-01,   6.50000000e-01,
         6.75000000e-01,   6.14000000e-01,   6.42000000e-01,
         9.02000000e-01,   6.38888889e-01,   5.65364931e-01,
         6.58963585e-01,   5.49586079e-01,   5.44039752e-01,
         5.00000000e+02,   4.86000000e+02,   4.03000000e+02,
         4.76500000e+02,   4.28500000e+02,   3.92500000e+02,
         0.00000000e+00,   6.32187900e-01,   4.59311605e-01,
                    nan,   9.97009964e-01,   9.50642621e-01,
         9.98007968e-01,   9.82911387e-01,   9.36623125e-01,
         3.33333333e-01,              nan,   6.04090965e-01,
         6.14848485e-01,   6.99713884e-01,   6.47781445e-01,
         1.41025641e-01,   5.22280775e-01,              nan,
         4.92612670e-01,   5.57194286e-01,   5.40829941e-01,
                    nan,   5.56702395e-01,   6.19838274e-01,
                    nan,   6.87964175e-01,   6.23065015e-01,
         1.62500000e-01,   4.32093164e-01,   5.38602696e-01,
         3.99757060e-01,              nan,   5.18695015e-01,
         1.99074074e-01,   5.27388439e-01,   5.52838471e-01,
         4.46862893e-01,   5.61230585e-01,              nan,
         0.00000000e+00,   4.99500000e+02,   4.74000000e+02,
         5.00000000e+02,   4.95500000e+02,   4.70500000e+02,
         5.00000000e-01,   0.00000000e+00,   2.82500000e+02,
         2.70500000e+02,   3.24500000e+02,   2.98000000e+02,
         2.60000000e+01,   2.11000000e+02,   0.00000000e+00,
         1.92000000e+02,   2.25500000e+02,   2.08500000e+02,
         0.00000000e+00,   2.28000000e+02,   2.91000000e+02,
         0.00000000e+00,   3.07000000e+02,   2.94500000e+02,
         4.50000000e+00,   1.70500000e+02,   2.43000000e+02,
         1.79500000e+02,   0.00000000e+00,   2.48500000e+02,
         2.95000000e+01,   1.97000000e+02,   2.24500000e+02,
         1.91000000e+02,   2.14500000e+02,   0.00000000e+00,
         5.29725126e-01]), array([  1.00000000e-02,   0.00000000e+00,   0.00000000e+00,
         1.00000000e-02,   5.10000000e-02,   1.60000000e-02,
         7.00000000e-03,   0.00000000e+00,   2.00000000e-02,
         1.00000000e-02,   5.24691358e-02,   2.63221102e-02,
         7.70308123e-03,   1.57671151e-03,   2.37351838e-02,
         0.00000000e+00,   0.00000000e+00,   6.00000000e+00,
         5.00000000e-01,   1.50000000e+00,   1.50000000e+00,
         0.00000000e+00,   5.97436826e-04,   9.24440055e-03,
                    nan,   9.94027880e-04,   2.94387656e-03,
         0.00000000e+00,   1.05654858e-03,   1.20948234e-02,
         0.00000000e+00,              nan,   6.61599308e-02,
         1.84848485e-02,   2.89446529e-02,   5.51888522e-02,
         2.56410256e-02,   6.14512822e-02,              nan,
         3.34289966e-02,   2.50841946e-02,   3.62844867e-02,
                    nan,   4.15508800e-02,   2.25228374e-02,
                    nan,   2.02325460e-02,   3.48297214e-02,
         3.75000000e-02,   2.40471869e-02,   4.70439076e-03,
         1.59732766e-02,              nan,   2.67595308e-02,
         6.01851852e-02,   2.48503675e-02,   3.35251658e-02,
         2.83846319e-02,   1.28434886e-02,              nan,
         0.00000000e+00,   5.00000000e-01,   2.00000000e+00,
         0.00000000e+00,   1.50000000e+00,   4.50000000e+00,
         5.00000000e-01,   0.00000000e+00,   5.50000000e+00,
         2.50000000e+00,   1.50000000e+00,   3.00000000e+00,
         2.00000000e+00,   4.00000000e+00,   0.00000000e+00,
         2.00000000e+00,   9.50000000e+00,   9.50000000e+00,
         0.00000000e+00,   1.00000000e+00,   5.00000000e+00,
         0.00000000e+00,   4.00000000e+00,   7.50000000e+00,
         1.50000000e+00,   1.50000000e+00,   9.00000000e+00,
         3.50000000e+00,   0.00000000e+00,   2.50000000e+00,
         4.50000000e+00,   2.00000000e+00,   6.50000000e+00,
         9.00000000e+00,   5.00000000e-01,   0.00000000e+00,
         8.15968417e-03])], 'size': [400.0, 3.0]}
