number of samples: 4766
NONERECALL: 0.001000
CV: 5
{'alpha': [0.0, 0.0], 'perf': [array([  1.26728790e-01,   0.00000000e+00,   0.00000000e+00,
         8.71589002e-01,   6.60303224e-01,   6.62399440e-01,
         6.58622556e-01,   6.22321434e-01,   6.13718347e-01,
         8.71589002e-01,   6.59231983e-01,   6.53515506e-01,
         6.57970085e-01,   6.18872144e-01,   6.01194441e-01,
         9.53200000e+02,   9.50200000e+02,   9.28800000e+02,
         9.51400000e+02,   9.44600000e+02,   9.23400000e+02,
         0.00000000e+00,   6.71658261e-01,   4.31615259e-01]), array([ 0.00993271,  0.        ,  0.        ,  0.01375182,  0.01035915,
        0.00764523,  0.01824879,  0.00948985,  0.02092102,  0.01375182,
        0.01032585,  0.00843316,  0.01840099,  0.00992208,  0.02257534,
        0.4       ,  1.83303028,  2.56124969,  1.0198039 ,  3.32264955,
        6.37495098,  0.        ,  0.00724149,  0.01075436])]}
