Nsamp: 17394
iter_max 10
stop misclassification rate 0.500000
{'perf': [array([  8.52543834e-01,   0.00000000e+00,   0.00000000e+00,
         1.00000000e+00,   9.93963783e-01,   9.78154642e-01,
         9.56596723e-01,   9.24691003e-01,   9.86777810e-01,
         1.00000000e+00,   9.74327628e-01,   1.00000000e-03,
         5.41033435e-01,   8.39160839e-02,   8.00000000e-02,
         3.44400000e+03,   8.18000000e+02,   7.60000000e+01,
         3.29000000e+02,   2.86000000e+02,   5.00000000e+01,
         0.00000000e+00,   1.23446104e-01,   9.31465761e-01]), array([ 0.,  0.,  0.,  0.,  0.,  0.,  0.,  0.,  0.,  0.,  0.,  0.,  0.,
        0.,  0.,  0.,  0.,  0.,  0.,  0.,  0.,  0.,  0.,  0.])]}
Nsamp: 17394
iter_max 20
stop misclassification rate 0.500000
{'perf': [array([  8.52543834e-01,   0.00000000e+00,   0.00000000e+00,
         1.00000000e+00,   9.93963783e-01,   9.78154642e-01,
         9.56596723e-01,   9.24691003e-01,   9.86777810e-01,
         1.00000000e+00,   9.74327628e-01,   1.00000000e-03,
         5.41033435e-01,   8.39160839e-02,   8.00000000e-02,
         3.44400000e+03,   8.18000000e+02,   7.60000000e+01,
         3.29000000e+02,   2.86000000e+02,   5.00000000e+01,
         0.00000000e+00,   1.23446104e-01,   9.31465761e-01]), array([ 0.,  0.,  0.,  0.,  0.,  0.,  0.,  0.,  0.,  0.,  0.,  0.,  0.,
        0.,  0.,  0.,  0.,  0.,  0.,  0.,  0.,  0.,  0.,  0.])]}
Nsamp: 17394
iter_max 30
stop misclassification rate 0.500000
{'perf': [array([  8.52543834e-01,   0.00000000e+00,   0.00000000e+00,
         1.00000000e+00,   9.93963783e-01,   9.78154642e-01,
         9.56596723e-01,   9.24691003e-01,   9.86777810e-01,
         1.00000000e+00,   9.74327628e-01,   1.00000000e-03,
         5.41033435e-01,   8.39160839e-02,   8.00000000e-02,
         3.44400000e+03,   8.18000000e+02,   7.60000000e+01,
         3.29000000e+02,   2.86000000e+02,   5.00000000e+01,
         0.00000000e+00,   1.23446104e-01,   9.31465761e-01]), array([ 0.,  0.,  0.,  0.,  0.,  0.,  0.,  0.,  0.,  0.,  0.,  0.,  0.,
        0.,  0.,  0.,  0.,  0.,  0.,  0.,  0.,  0.,  0.,  0.])]}
Nsamp: 17394
iter_max 40
stop misclassification rate 0.500000
{'perf': [array([  8.52543834e-01,   0.00000000e+00,   0.00000000e+00,
         1.00000000e+00,   9.93963783e-01,   9.78154642e-01,
         9.56596723e-01,   9.24691003e-01,   9.86777810e-01,
         1.00000000e+00,   9.74327628e-01,   1.00000000e-03,
         5.41033435e-01,   8.39160839e-02,   8.00000000e-02,
         3.44400000e+03,   8.18000000e+02,   7.60000000e+01,
         3.29000000e+02,   2.86000000e+02,   5.00000000e+01,
         0.00000000e+00,   1.23446104e-01,   9.31465761e-01]), array([ 0.,  0.,  0.,  0.,  0.,  0.,  0.,  0.,  0.,  0.,  0.,  0.,  0.,
        0.,  0.,  0.,  0.,  0.,  0.,  0.,  0.,  0.,  0.,  0.])]}
Nsamp: 17394
iter_max 50
stop misclassification rate 0.500000
{'perf': [array([  8.52543834e-01,   0.00000000e+00,   0.00000000e+00,
         1.00000000e+00,   9.93963783e-01,   9.78154642e-01,
         9.56596723e-01,   9.24691003e-01,   9.86777810e-01,
         1.00000000e+00,   9.74327628e-01,   1.00000000e-03,
         5.41033435e-01,   8.39160839e-02,   8.00000000e-02,
         3.44400000e+03,   8.18000000e+02,   7.60000000e+01,
         3.29000000e+02,   2.86000000e+02,   5.00000000e+01,
         0.00000000e+00,   1.23446104e-01,   9.31465761e-01]), array([ 0.,  0.,  0.,  0.,  0.,  0.,  0.,  0.,  0.,  0.,  0.,  0.,  0.,
        0.,  0.,  0.,  0.,  0.,  0.,  0.,  0.,  0.,  0.,  0.])]}
Nsamp: 17394
iter_max 60
stop misclassification rate 0.500000
{'perf': [array([  8.52543834e-01,   0.00000000e+00,   0.00000000e+00,
         1.00000000e+00,   9.93963783e-01,   9.78154642e-01,
         9.56596723e-01,   9.24691003e-01,   9.86777810e-01,
         1.00000000e+00,   9.74327628e-01,   1.00000000e-03,
         5.41033435e-01,   8.39160839e-02,   8.00000000e-02,
         3.44400000e+03,   8.18000000e+02,   7.60000000e+01,
         3.29000000e+02,   2.86000000e+02,   5.00000000e+01,
         0.00000000e+00,   1.23446104e-01,   9.31465761e-01]), array([ 0.,  0.,  0.,  0.,  0.,  0.,  0.,  0.,  0.,  0.,  0.,  0.,  0.,
        0.,  0.,  0.,  0.,  0.,  0.,  0.,  0.,  0.,  0.,  0.])]}
Nsamp: 17394
iter_max 70
stop misclassification rate 0.500000
{'perf': [array([  8.52543834e-01,   0.00000000e+00,   0.00000000e+00,
         1.00000000e+00,   9.93963783e-01,   9.78154642e-01,
         9.56596723e-01,   9.24691003e-01,   9.86777810e-01,
         1.00000000e+00,   9.74327628e-01,   1.00000000e-03,
         5.41033435e-01,   8.39160839e-02,   8.00000000e-02,
         3.44400000e+03,   8.18000000e+02,   7.60000000e+01,
         3.29000000e+02,   2.86000000e+02,   5.00000000e+01,
         0.00000000e+00,   1.23446104e-01,   9.31465761e-01]), array([ 0.,  0.,  0.,  0.,  0.,  0.,  0.,  0.,  0.,  0.,  0.,  0.,  0.,
        0.,  0.,  0.,  0.,  0.,  0.,  0.,  0.,  0.,  0.,  0.])]}
Nsamp: 17394
iter_max 80
stop misclassification rate 0.500000
{'perf': [array([  8.52543834e-01,   0.00000000e+00,   0.00000000e+00,
         1.00000000e+00,   9.93963783e-01,   9.78154642e-01,
         9.56596723e-01,   9.24691003e-01,   9.86777810e-01,
         1.00000000e+00,   9.74327628e-01,   1.00000000e-03,
         5.41033435e-01,   8.39160839e-02,   8.00000000e-02,
         3.44400000e+03,   8.18000000e+02,   7.60000000e+01,
         3.29000000e+02,   2.86000000e+02,   5.00000000e+01,
         0.00000000e+00,   1.23446104e-01,   9.31465761e-01]), array([ 0.,  0.,  0.,  0.,  0.,  0.,  0.,  0.,  0.,  0.,  0.,  0.,  0.,
        0.,  0.,  0.,  0.,  0.,  0.,  0.,  0.,  0.,  0.,  0.])]}
Nsamp: 17394
iter_max 90
stop misclassification rate 0.500000
{'perf': [array([  8.52543834e-01,   0.00000000e+00,   0.00000000e+00,
         1.00000000e+00,   9.93963783e-01,   9.78154642e-01,
         9.56596723e-01,   9.24691003e-01,   9.86777810e-01,
         1.00000000e+00,   9.74327628e-01,   1.00000000e-03,
         5.41033435e-01,   8.39160839e-02,   8.00000000e-02,
         3.44400000e+03,   8.18000000e+02,   7.60000000e+01,
         3.29000000e+02,   2.86000000e+02,   5.00000000e+01,
         0.00000000e+00,   1.23446104e-01,   9.31465761e-01]), array([ 0.,  0.,  0.,  0.,  0.,  0.,  0.,  0.,  0.,  0.,  0.,  0.,  0.,
        0.,  0.,  0.,  0.,  0.,  0.,  0.,  0.,  0.,  0.,  0.])]}
Nsamp: 17394
iter_max 100
stop misclassification rate 0.500000
{'perf': [array([  8.52543834e-01,   0.00000000e+00,   0.00000000e+00,
         1.00000000e+00,   9.93963783e-01,   9.78154642e-01,
         9.56596723e-01,   9.24691003e-01,   9.86777810e-01,
         1.00000000e+00,   9.74327628e-01,   1.00000000e-03,
         5.41033435e-01,   8.39160839e-02,   8.00000000e-02,
         3.44400000e+03,   8.18000000e+02,   7.60000000e+01,
         3.29000000e+02,   2.86000000e+02,   5.00000000e+01,
         0.00000000e+00,   1.23446104e-01,   9.31465761e-01]), array([ 0.,  0.,  0.,  0.,  0.,  0.,  0.,  0.,  0.,  0.,  0.,  0.,  0.,
        0.,  0.,  0.,  0.,  0.,  0.,  0.,  0.,  0.,  0.,  0.])]}
Nsamp: 17394
iter_max 10
stop misclassification rate 0.400000
{'perf': [array([  8.52543834e-01,   0.00000000e+00,   0.00000000e+00,
         1.00000000e+00,   9.93963783e-01,   9.78154642e-01,
         9.56596723e-01,   9.24691003e-01,   9.86777810e-01,
         1.00000000e+00,   9.74327628e-01,   1.00000000e-03,
         5.41033435e-01,   8.39160839e-02,   8.00000000e-02,
         3.44400000e+03,   8.18000000e+02,   7.60000000e+01,
         3.29000000e+02,   2.86000000e+02,   5.00000000e+01,
         0.00000000e+00,   1.23446104e-01,   9.31465761e-01]), array([ 0.,  0.,  0.,  0.,  0.,  0.,  0.,  0.,  0.,  0.,  0.,  0.,  0.,
        0.,  0.,  0.,  0.,  0.,  0.,  0.,  0.,  0.,  0.,  0.])]}
Nsamp: 17394
iter_max 20
stop misclassification rate 0.400000
{'perf': [array([  8.52543834e-01,   0.00000000e+00,   0.00000000e+00,
         1.00000000e+00,   9.93963783e-01,   9.78154642e-01,
         9.56596723e-01,   9.24691003e-01,   9.86777810e-01,
         1.00000000e+00,   9.74327628e-01,   1.00000000e-03,
         5.41033435e-01,   8.39160839e-02,   8.00000000e-02,
         3.44400000e+03,   8.18000000e+02,   7.60000000e+01,
         3.29000000e+02,   2.86000000e+02,   5.00000000e+01,
         0.00000000e+00,   1.23446104e-01,   9.31465761e-01]), array([ 0.,  0.,  0.,  0.,  0.,  0.,  0.,  0.,  0.,  0.,  0.,  0.,  0.,
        0.,  0.,  0.,  0.,  0.,  0.,  0.,  0.,  0.,  0.,  0.])]}
Nsamp: 17394
iter_max 30
stop misclassification rate 0.400000
{'perf': [array([  8.52543834e-01,   0.00000000e+00,   0.00000000e+00,
         1.00000000e+00,   9.93963783e-01,   9.78154642e-01,
         9.56596723e-01,   9.24691003e-01,   9.86777810e-01,
         1.00000000e+00,   9.74327628e-01,   1.00000000e-03,
         5.41033435e-01,   8.39160839e-02,   8.00000000e-02,
         3.44400000e+03,   8.18000000e+02,   7.60000000e+01,
         3.29000000e+02,   2.86000000e+02,   5.00000000e+01,
         0.00000000e+00,   1.23446104e-01,   9.31465761e-01]), array([ 0.,  0.,  0.,  0.,  0.,  0.,  0.,  0.,  0.,  0.,  0.,  0.,  0.,
        0.,  0.,  0.,  0.,  0.,  0.,  0.,  0.,  0.,  0.,  0.])]}
Nsamp: 17394
iter_max 40
stop misclassification rate 0.400000
{'perf': [array([  8.52543834e-01,   0.00000000e+00,   0.00000000e+00,
         1.00000000e+00,   9.93963783e-01,   9.78154642e-01,
         9.56596723e-01,   9.24691003e-01,   9.86777810e-01,
         1.00000000e+00,   9.74327628e-01,   1.00000000e-03,
         5.41033435e-01,   8.39160839e-02,   8.00000000e-02,
         3.44400000e+03,   8.18000000e+02,   7.60000000e+01,
         3.29000000e+02,   2.86000000e+02,   5.00000000e+01,
         0.00000000e+00,   1.23446104e-01,   9.31465761e-01]), array([ 0.,  0.,  0.,  0.,  0.,  0.,  0.,  0.,  0.,  0.,  0.,  0.,  0.,
        0.,  0.,  0.,  0.,  0.,  0.,  0.,  0.,  0.,  0.,  0.])]}
Nsamp: 17394
iter_max 50
stop misclassification rate 0.400000
{'perf': [array([  8.52543834e-01,   0.00000000e+00,   0.00000000e+00,
         1.00000000e+00,   9.93963783e-01,   9.78154642e-01,
         9.56596723e-01,   9.24691003e-01,   9.86777810e-01,
         1.00000000e+00,   9.74327628e-01,   1.00000000e-03,
         5.41033435e-01,   8.39160839e-02,   8.00000000e-02,
         3.44400000e+03,   8.18000000e+02,   7.60000000e+01,
         3.29000000e+02,   2.86000000e+02,   5.00000000e+01,
         0.00000000e+00,   1.23446104e-01,   9.31465761e-01]), array([ 0.,  0.,  0.,  0.,  0.,  0.,  0.,  0.,  0.,  0.,  0.,  0.,  0.,
        0.,  0.,  0.,  0.,  0.,  0.,  0.,  0.,  0.,  0.,  0.])]}
Nsamp: 17394
iter_max 60
stop misclassification rate 0.400000
{'perf': [array([  8.52543834e-01,   0.00000000e+00,   0.00000000e+00,
         1.00000000e+00,   9.93963783e-01,   9.78154642e-01,
         9.56596723e-01,   9.24691003e-01,   9.86777810e-01,
         1.00000000e+00,   9.74327628e-01,   1.00000000e-03,
         5.41033435e-01,   8.39160839e-02,   8.00000000e-02,
         3.44400000e+03,   8.18000000e+02,   7.60000000e+01,
         3.29000000e+02,   2.86000000e+02,   5.00000000e+01,
         0.00000000e+00,   1.23446104e-01,   9.31465761e-01]), array([ 0.,  0.,  0.,  0.,  0.,  0.,  0.,  0.,  0.,  0.,  0.,  0.,  0.,
        0.,  0.,  0.,  0.,  0.,  0.,  0.,  0.,  0.,  0.,  0.])]}
Nsamp: 17394
iter_max 70
stop misclassification rate 0.400000
{'perf': [array([  8.52543834e-01,   0.00000000e+00,   0.00000000e+00,
         1.00000000e+00,   9.93963783e-01,   9.78154642e-01,
         9.56596723e-01,   9.24691003e-01,   9.86777810e-01,
         1.00000000e+00,   9.74327628e-01,   1.00000000e-03,
         5.41033435e-01,   8.39160839e-02,   8.00000000e-02,
         3.44400000e+03,   8.18000000e+02,   7.60000000e+01,
         3.29000000e+02,   2.86000000e+02,   5.00000000e+01,
         0.00000000e+00,   1.23446104e-01,   9.31465761e-01]), array([ 0.,  0.,  0.,  0.,  0.,  0.,  0.,  0.,  0.,  0.,  0.,  0.,  0.,
        0.,  0.,  0.,  0.,  0.,  0.,  0.,  0.,  0.,  0.,  0.])]}
Nsamp: 17394
iter_max 80
stop misclassification rate 0.400000
{'perf': [array([  8.52543834e-01,   0.00000000e+00,   0.00000000e+00,
         1.00000000e+00,   9.93963783e-01,   9.78154642e-01,
         9.56596723e-01,   9.24691003e-01,   9.86777810e-01,
         1.00000000e+00,   9.74327628e-01,   1.00000000e-03,
         5.41033435e-01,   8.39160839e-02,   8.00000000e-02,
         3.44400000e+03,   8.18000000e+02,   7.60000000e+01,
         3.29000000e+02,   2.86000000e+02,   5.00000000e+01,
         0.00000000e+00,   1.23446104e-01,   9.31465761e-01]), array([ 0.,  0.,  0.,  0.,  0.,  0.,  0.,  0.,  0.,  0.,  0.,  0.,  0.,
        0.,  0.,  0.,  0.,  0.,  0.,  0.,  0.,  0.,  0.,  0.])]}
Nsamp: 17394
iter_max 90
stop misclassification rate 0.400000
{'perf': [array([  8.52543834e-01,   0.00000000e+00,   0.00000000e+00,
         1.00000000e+00,   9.93963783e-01,   9.78154642e-01,
         9.56596723e-01,   9.24691003e-01,   9.86777810e-01,
         1.00000000e+00,   9.74327628e-01,   1.00000000e-03,
         5.41033435e-01,   8.39160839e-02,   8.00000000e-02,
         3.44400000e+03,   8.18000000e+02,   7.60000000e+01,
         3.29000000e+02,   2.86000000e+02,   5.00000000e+01,
         0.00000000e+00,   1.23446104e-01,   9.31465761e-01]), array([ 0.,  0.,  0.,  0.,  0.,  0.,  0.,  0.,  0.,  0.,  0.,  0.,  0.,
        0.,  0.,  0.,  0.,  0.,  0.,  0.,  0.,  0.,  0.,  0.])]}
Nsamp: 17394
iter_max 100
stop misclassification rate 0.400000
{'perf': [array([  8.52543834e-01,   0.00000000e+00,   0.00000000e+00,
         1.00000000e+00,   9.93963783e-01,   9.78154642e-01,
         9.56596723e-01,   9.24691003e-01,   9.86777810e-01,
         1.00000000e+00,   9.74327628e-01,   1.00000000e-03,
         5.41033435e-01,   8.39160839e-02,   8.00000000e-02,
         3.44400000e+03,   8.18000000e+02,   7.60000000e+01,
         3.29000000e+02,   2.86000000e+02,   5.00000000e+01,
         0.00000000e+00,   1.23446104e-01,   9.31465761e-01]), array([ 0.,  0.,  0.,  0.,  0.,  0.,  0.,  0.,  0.,  0.,  0.,  0.,  0.,
        0.,  0.,  0.,  0.,  0.,  0.,  0.,  0.,  0.,  0.,  0.])]}
Nsamp: 17394
iter_max 10
stop misclassification rate 0.300000
{'perf': [array([  8.52543834e-01,   0.00000000e+00,   0.00000000e+00,
         1.00000000e+00,   9.93963783e-01,   9.78154642e-01,
         9.56596723e-01,   9.24691003e-01,   9.86777810e-01,
         1.00000000e+00,   9.74327628e-01,   1.00000000e-03,
         5.41033435e-01,   8.39160839e-02,   8.00000000e-02,
         3.44400000e+03,   8.18000000e+02,   7.60000000e+01,
         3.29000000e+02,   2.86000000e+02,   5.00000000e+01,
         0.00000000e+00,   1.23446104e-01,   9.31465761e-01]), array([ 0.,  0.,  0.,  0.,  0.,  0.,  0.,  0.,  0.,  0.,  0.,  0.,  0.,
        0.,  0.,  0.,  0.,  0.,  0.,  0.,  0.,  0.,  0.,  0.])]}
Nsamp: 17394
iter_max 20
stop misclassification rate 0.300000
{'perf': [array([  8.52543834e-01,   0.00000000e+00,   0.00000000e+00,
         1.00000000e+00,   9.93963783e-01,   9.78154642e-01,
         9.56596723e-01,   9.24691003e-01,   9.86777810e-01,
         1.00000000e+00,   9.74327628e-01,   1.00000000e-03,
         5.41033435e-01,   8.39160839e-02,   8.00000000e-02,
         3.44400000e+03,   8.18000000e+02,   7.60000000e+01,
         3.29000000e+02,   2.86000000e+02,   5.00000000e+01,
         0.00000000e+00,   1.23446104e-01,   9.31465761e-01]), array([ 0.,  0.,  0.,  0.,  0.,  0.,  0.,  0.,  0.,  0.,  0.,  0.,  0.,
        0.,  0.,  0.,  0.,  0.,  0.,  0.,  0.,  0.,  0.,  0.])]}
Nsamp: 17394
iter_max 30
stop misclassification rate 0.300000
{'perf': [array([  8.52543834e-01,   0.00000000e+00,   0.00000000e+00,
         1.00000000e+00,   9.93963783e-01,   9.78154642e-01,
         9.56596723e-01,   9.24691003e-01,   9.86777810e-01,
         1.00000000e+00,   9.74327628e-01,   1.00000000e-03,
         5.41033435e-01,   8.39160839e-02,   8.00000000e-02,
         3.44400000e+03,   8.18000000e+02,   7.60000000e+01,
         3.29000000e+02,   2.86000000e+02,   5.00000000e+01,
         0.00000000e+00,   1.23446104e-01,   9.31465761e-01]), array([ 0.,  0.,  0.,  0.,  0.,  0.,  0.,  0.,  0.,  0.,  0.,  0.,  0.,
        0.,  0.,  0.,  0.,  0.,  0.,  0.,  0.,  0.,  0.,  0.])]}
Nsamp: 17394
iter_max 40
stop misclassification rate 0.300000
{'perf': [array([  8.52543834e-01,   0.00000000e+00,   0.00000000e+00,
         1.00000000e+00,   9.93963783e-01,   9.78154642e-01,
         9.56596723e-01,   9.24691003e-01,   9.86777810e-01,
         1.00000000e+00,   9.74327628e-01,   1.00000000e-03,
         5.41033435e-01,   8.39160839e-02,   8.00000000e-02,
         3.44400000e+03,   8.18000000e+02,   7.60000000e+01,
         3.29000000e+02,   2.86000000e+02,   5.00000000e+01,
         0.00000000e+00,   1.23446104e-01,   9.31465761e-01]), array([ 0.,  0.,  0.,  0.,  0.,  0.,  0.,  0.,  0.,  0.,  0.,  0.,  0.,
        0.,  0.,  0.,  0.,  0.,  0.,  0.,  0.,  0.,  0.,  0.])]}
Nsamp: 17394
iter_max 50
stop misclassification rate 0.300000
{'perf': [array([  8.52543834e-01,   0.00000000e+00,   0.00000000e+00,
         1.00000000e+00,   9.93963783e-01,   9.78154642e-01,
         9.56596723e-01,   9.24691003e-01,   9.86777810e-01,
         1.00000000e+00,   9.74327628e-01,   1.00000000e-03,
         5.41033435e-01,   8.39160839e-02,   8.00000000e-02,
         3.44400000e+03,   8.18000000e+02,   7.60000000e+01,
         3.29000000e+02,   2.86000000e+02,   5.00000000e+01,
         0.00000000e+00,   1.23446104e-01,   9.31465761e-01]), array([ 0.,  0.,  0.,  0.,  0.,  0.,  0.,  0.,  0.,  0.,  0.,  0.,  0.,
        0.,  0.,  0.,  0.,  0.,  0.,  0.,  0.,  0.,  0.,  0.])]}
Nsamp: 17394
iter_max 60
stop misclassification rate 0.300000
{'perf': [array([  8.52543834e-01,   0.00000000e+00,   0.00000000e+00,
         1.00000000e+00,   9.93963783e-01,   9.78154642e-01,
         9.56596723e-01,   9.24691003e-01,   9.86777810e-01,
         1.00000000e+00,   9.74327628e-01,   1.00000000e-03,
         5.41033435e-01,   8.39160839e-02,   8.00000000e-02,
         3.44400000e+03,   8.18000000e+02,   7.60000000e+01,
         3.29000000e+02,   2.86000000e+02,   5.00000000e+01,
         0.00000000e+00,   1.23446104e-01,   9.31465761e-01]), array([ 0.,  0.,  0.,  0.,  0.,  0.,  0.,  0.,  0.,  0.,  0.,  0.,  0.,
        0.,  0.,  0.,  0.,  0.,  0.,  0.,  0.,  0.,  0.,  0.])]}
Nsamp: 17394
iter_max 70
stop misclassification rate 0.300000
{'perf': [array([  8.52543834e-01,   0.00000000e+00,   0.00000000e+00,
         1.00000000e+00,   9.93963783e-01,   9.78154642e-01,
         9.56596723e-01,   9.24691003e-01,   9.86777810e-01,
         1.00000000e+00,   9.74327628e-01,   1.00000000e-03,
         5.41033435e-01,   8.39160839e-02,   8.00000000e-02,
         3.44400000e+03,   8.18000000e+02,   7.60000000e+01,
         3.29000000e+02,   2.86000000e+02,   5.00000000e+01,
         0.00000000e+00,   1.23446104e-01,   9.31465761e-01]), array([ 0.,  0.,  0.,  0.,  0.,  0.,  0.,  0.,  0.,  0.,  0.,  0.,  0.,
        0.,  0.,  0.,  0.,  0.,  0.,  0.,  0.,  0.,  0.,  0.])]}
Nsamp: 17394
iter_max 80
stop misclassification rate 0.300000
{'perf': [array([  8.52543834e-01,   0.00000000e+00,   0.00000000e+00,
         1.00000000e+00,   9.93963783e-01,   9.78154642e-01,
         9.56596723e-01,   9.24691003e-01,   9.86777810e-01,
         1.00000000e+00,   9.74327628e-01,   1.00000000e-03,
         5.41033435e-01,   8.39160839e-02,   8.00000000e-02,
         3.44400000e+03,   8.18000000e+02,   7.60000000e+01,
         3.29000000e+02,   2.86000000e+02,   5.00000000e+01,
         0.00000000e+00,   1.23446104e-01,   9.31465761e-01]), array([ 0.,  0.,  0.,  0.,  0.,  0.,  0.,  0.,  0.,  0.,  0.,  0.,  0.,
        0.,  0.,  0.,  0.,  0.,  0.,  0.,  0.,  0.,  0.,  0.])]}
Nsamp: 17394
iter_max 90
stop misclassification rate 0.300000
{'perf': [array([  8.52543834e-01,   0.00000000e+00,   0.00000000e+00,
         1.00000000e+00,   9.93963783e-01,   9.78154642e-01,
         9.56596723e-01,   9.24691003e-01,   9.86777810e-01,
         1.00000000e+00,   9.74327628e-01,   1.00000000e-03,
         5.41033435e-01,   8.39160839e-02,   8.00000000e-02,
         3.44400000e+03,   8.18000000e+02,   7.60000000e+01,
         3.29000000e+02,   2.86000000e+02,   5.00000000e+01,
         0.00000000e+00,   1.23446104e-01,   9.31465761e-01]), array([ 0.,  0.,  0.,  0.,  0.,  0.,  0.,  0.,  0.,  0.,  0.,  0.,  0.,
        0.,  0.,  0.,  0.,  0.,  0.,  0.,  0.,  0.,  0.,  0.])]}
Nsamp: 17394
iter_max 100
stop misclassification rate 0.300000
{'perf': [array([  8.52543834e-01,   0.00000000e+00,   0.00000000e+00,
         1.00000000e+00,   9.93963783e-01,   9.78154642e-01,
         9.56596723e-01,   9.24691003e-01,   9.86777810e-01,
         1.00000000e+00,   9.74327628e-01,   1.00000000e-03,
         5.41033435e-01,   8.39160839e-02,   8.00000000e-02,
         3.44400000e+03,   8.18000000e+02,   7.60000000e+01,
         3.29000000e+02,   2.86000000e+02,   5.00000000e+01,
         0.00000000e+00,   1.23446104e-01,   9.31465761e-01]), array([ 0.,  0.,  0.,  0.,  0.,  0.,  0.,  0.,  0.,  0.,  0.,  0.,  0.,
        0.,  0.,  0.,  0.,  0.,  0.,  0.,  0.,  0.,  0.,  0.])]}
Nsamp: 17394
iter_max 10
stop misclassification rate 0.200000
{'perf': [array([  8.37597011e-01,   0.00000000e+00,   0.00000000e+00,
         9.99425122e-01,   9.63782696e-01,   9.78154642e-01,
         9.54009773e-01,   9.41649899e-01,   9.87352688e-01,
         9.99419280e-01,   8.45965770e-01,   1.00000000e-03,
         5.13677812e-01,   2.90209790e-01,   1.20000000e-01,
         3.44400000e+03,   8.18000000e+02,   7.60000000e+01,
         3.29000000e+02,   2.86000000e+02,   5.00000000e+01,
         0.00000000e+00,   1.57258491e-01,   9.25466893e-01]), array([ 0.,  0.,  0.,  0.,  0.,  0.,  0.,  0.,  0.,  0.,  0.,  0.,  0.,
        0.,  0.,  0.,  0.,  0.,  0.,  0.,  0.,  0.,  0.,  0.])]}
Nsamp: 17394
iter_max 20
stop misclassification rate 0.200000
{'perf': [array([  8.37884450e-01,   0.00000000e+00,   0.00000000e+00,
         9.99425122e-01,   9.64070135e-01,   9.78442081e-01,
         9.54584651e-01,   9.40500144e-01,   9.87352688e-01,
         9.99419280e-01,   8.47188264e-01,   1.31578947e-02,
         5.19756839e-01,   2.76223776e-01,   1.20000000e-01,
         3.44400000e+03,   8.18000000e+02,   7.60000000e+01,
         3.29000000e+02,   2.86000000e+02,   5.00000000e+01,
         0.00000000e+00,   2.40174058e-01,   9.24052066e-01]), array([ 0.,  0.,  0.,  0.,  0.,  0.,  0.,  0.,  0.,  0.,  0.,  0.,  0.,
        0.,  0.,  0.,  0.,  0.,  0.,  0.,  0.,  0.,  0.,  0.])]}
Nsamp: 17394
iter_max 30
stop misclassification rate 0.200000
{'perf': [array([  8.39321644e-01,   0.00000000e+00,   0.00000000e+00,
         1.00000000e+00,   9.64645013e-01,   9.78729520e-01,
         9.54009773e-01,   9.41362460e-01,   9.87065249e-01,
         1.00000000e+00,   8.49633252e-01,   2.63157895e-02,
         5.13677812e-01,   2.86713287e-01,   1.00000000e-01,
         3.44400000e+03,   8.18000000e+02,   7.60000000e+01,
         3.29000000e+02,   2.86000000e+02,   5.00000000e+01,
         0.00000000e+00,   2.62783296e-01,   9.26881720e-01]), array([ 0.,  0.,  0.,  0.,  0.,  0.,  0.,  0.,  0.,  0.,  0.,  0.,  0.,
        0.,  0.,  0.,  0.,  0.,  0.,  0.,  0.,  0.,  0.,  0.])]}
Nsamp: 17394
iter_max 40
stop misclassification rate 0.200000
{'perf': [array([  8.38459327e-01,   0.00000000e+00,   0.00000000e+00,
         9.99425122e-01,   9.64070135e-01,   9.78729520e-01,
         9.54297212e-01,   9.40787583e-01,   9.87065249e-01,
         9.99419280e-01,   8.47188264e-01,   2.63157895e-02,
         5.16717325e-01,   2.79720280e-01,   1.00000000e-01,
         3.44400000e+03,   8.18000000e+02,   7.60000000e+01,
         3.29000000e+02,   2.86000000e+02,   5.00000000e+01,
         0.00000000e+00,   2.61810367e-01,   9.27447651e-01]), array([ 0.,  0.,  0.,  0.,  0.,  0.,  0.,  0.,  0.,  0.,  0.,  0.,  0.,
        0.,  0.,  0.,  0.,  0.,  0.,  0.,  0.,  0.,  0.,  0.])]}
Nsamp: 17394
iter_max 50
stop misclassification rate 0.200000
{'perf': [array([  8.40183961e-01,   0.00000000e+00,   0.00000000e+00,
         1.00000000e+00,   9.64070135e-01,   9.78729520e-01,
         9.54297212e-01,   9.42224777e-01,   9.87065249e-01,
         1.00000000e+00,   8.47188264e-01,   2.63157895e-02,
         5.16717325e-01,   2.97202797e-01,   1.00000000e-01,
         3.44400000e+03,   8.18000000e+02,   7.60000000e+01,
         3.29000000e+02,   2.86000000e+02,   5.00000000e+01,
         0.00000000e+00,   2.64494741e-01,   9.28013582e-01]), array([ 0.,  0.,  0.,  0.,  0.,  0.,  0.,  0.,  0.,  0.,  0.,  0.,  0.,
        0.,  0.,  0.,  0.,  0.,  0.,  0.,  0.,  0.,  0.,  0.])]}
Nsamp: 17394
iter_max 60
stop misclassification rate 0.200000
{'perf': [array([  8.52831273e-01,   0.00000000e+00,   0.00000000e+00,
         9.99425122e-01,   9.90227077e-01,   9.79016959e-01,
         9.54872090e-01,   9.28715148e-01,   9.87352688e-01,
         9.99419280e-01,   9.58435208e-01,   3.94736842e-02,
         5.22796353e-01,   1.32867133e-01,   1.20000000e-01,
         3.44400000e+03,   8.18000000e+02,   7.60000000e+01,
         3.29000000e+02,   2.86000000e+02,   5.00000000e+01,
         0.00000000e+00,   2.60870468e-01,   9.32823995e-01]), array([ 0.,  0.,  0.,  0.,  0.,  0.,  0.,  0.,  0.,  0.,  0.,  0.,  0.,
        0.,  0.,  0.,  0.,  0.,  0.,  0.,  0.,  0.,  0.,  0.])]}
Nsamp: 17394
iter_max 70
stop misclassification rate 0.200000
{'perf': [array([  8.53118712e-01,   0.00000000e+00,   0.00000000e+00,
         9.99425122e-01,   9.90227077e-01,   9.79304398e-01,
         9.54584651e-01,   9.28715148e-01,   9.87352688e-01,
         9.99419280e-01,   9.58435208e-01,   5.26315789e-02,
         5.19756839e-01,   1.32867133e-01,   1.20000000e-01,
         3.44400000e+03,   8.18000000e+02,   7.60000000e+01,
         3.29000000e+02,   2.86000000e+02,   5.00000000e+01,
         0.00000000e+00,   2.73417296e-01,   9.33389926e-01]), array([ 0.,  0.,  0.,  0.,  0.,  0.,  0.,  0.,  0.,  0.,  0.,  0.,  0.,
        0.,  0.,  0.,  0.,  0.,  0.,  0.,  0.,  0.,  0.,  0.])]}
