emotion_list = ["anger", "joy", "fear", "sadness", "disgust"]
emoticon_list = ["Like","Love","Sad","Wow","Haha","Angry"]
number of samples:  2963
[[ -0.47591969  -1.66017662  -3.23939973  -0.18526778  -2.02064116]
 [  0.61054899   2.3593289    3.33561016  -0.53783838   0.85539853]
 [ -2.18180145   1.30101675   3.36057175   2.94026011   2.17493381]
 [  0.87566285   1.14510405   2.56398509  -0.24572595   1.06239883]
 [  1.40023645  -0.69682278   0.56125182   1.4220597    3.4891937 ]
 [ -4.97699852   5.33475026  10.77530148   3.91541082   4.41403805]]
[[ 0.52827095  0.62664452  1.00452696  0.69892495  0.47806979]
 [ 0.4927258   0.55557662  0.77225179  0.72598923  0.4597195 ]
 [ 1.08285214  0.89118228  2.06124809  0.88009418  0.71563324]
 [ 0.47647865  0.53361972  0.50742863  0.61433691  0.76234722]
 [ 0.68918718  0.78730692  0.64489323  0.70926065  0.78359607]
 [ 2.26612702  2.38684988  2.74267383  1.43030105  0.93547838]]

[   0.86565543    0.99349708 -659.78580032]
[  2.27480703e-02   2.16835596e-03   4.96190213e+02]
[  5.80887036  -6.47767669  -9.17553566  -7.26933114  -6.85725136 -13.39010307]
[ 0.621007    0.57233339  0.91068878  0.55178752  0.65528097  1.56428562]