NONERECALL: 0.001000
CV: 5
Abstention True
Inverse_laplace 4
{'perf': [array([  8.62371888e-01,   0.00000000e+00,   0.00000000e+00,
         1.00000000e+00,   9.88618148e-01,   9.84591812e-01,
         9.43441921e-01,   9.46069504e-01,   9.91595840e-01,
         1.00000000e+00,   9.28538220e-01,   1.08000000e-02,
         7.94481534e-02,   2.89846977e-01,   4.56000000e-02,
         1.13240000e+03,   1.77800000e+02,   1.78000000e+01,
         7.02000000e+01,   8.68000000e+01,   1.00000000e+01,
         0.00000000e+00,   8.71326738e-02,   9.38998017e-01]), array([  1.18447917e-02,   0.00000000e+00,   0.00000000e+00,
         0.00000000e+00,   5.93949092e-03,   3.39210293e-03,
         2.81265881e-03,   4.47898014e-03,   2.31982390e-03,
         0.00000000e+00,   3.26624827e-02,   1.96000000e-02,
         7.20117130e-03,   4.06010698e-02,   5.51927531e-02,
         2.05912603e+00,   1.01862653e+01,   3.96988665e+00,
         3.91918359e+00,   5.94642750e+00,   2.44948974e+00,
         0.00000000e+00,   2.82866352e-02,   1.76882686e-02])]}
NONERECALL: 0.001000
CV: 5
Abstention True
Inverse_laplace 16
{'perf': [array([  8.65348815e-01,   0.00000000e+00,   0.00000000e+00,
         1.00000000e+00,   9.91770359e-01,   9.84591812e-01,
         9.45893453e-01,   9.43617818e-01,   9.91770972e-01,
         1.00000000e+00,   9.47428339e-01,   1.08000000e-02,
         1.19572249e-01,   2.58166029e-01,   6.35818182e-02,
         1.13240000e+03,   1.77800000e+02,   1.78000000e+01,
         7.02000000e+01,   8.68000000e+01,   1.00000000e+01,
         0.00000000e+00,   1.14367952e-01,   9.38509458e-01]), array([  1.00642766e-02,   0.00000000e+00,   0.00000000e+00,
         0.00000000e+00,   2.11574190e-03,   3.39210293e-03,
         3.39346523e-03,   4.58392531e-03,   2.25258111e-03,
         0.00000000e+00,   1.24919662e-02,   1.96000000e-02,
         2.68937237e-02,   3.02867560e-02,   5.23033934e-02,
         2.05912603e+00,   1.01862653e+01,   3.96988665e+00,
         3.91918359e+00,   5.94642750e+00,   2.44948974e+00,
         0.00000000e+00,   6.03073384e-02,   1.69453436e-02])]}
NONERECALL: 0.001000
CV: 5
Abstention True
Inverse_laplace 64
{'perf': [array([  8.66224165e-01,   0.00000000e+00,   0.00000000e+00,
         1.00000000e+00,   9.91770359e-01,   9.84591812e-01,
         9.47118913e-01,   9.43092578e-01,   9.91595840e-01,
         1.00000000e+00,   9.47428339e-01,   1.08000000e-02,
         1.40082460e-01,   2.50634893e-01,   4.56000000e-02,
         1.13240000e+03,   1.77800000e+02,   1.78000000e+01,
         7.02000000e+01,   8.68000000e+01,   1.00000000e+01,
         0.00000000e+00,   9.20440721e-02,   9.39684528e-01]), array([  9.37239042e-03,   0.00000000e+00,   0.00000000e+00,
         0.00000000e+00,   2.11574190e-03,   3.39210293e-03,
         4.31891565e-03,   4.02741711e-03,   2.31982390e-03,
         0.00000000e+00,   1.24919662e-02,   1.96000000e-02,
         4.07155122e-02,   2.93850661e-02,   5.51927531e-02,
         2.05912603e+00,   1.01862653e+01,   3.96988665e+00,
         3.91918359e+00,   5.94642750e+00,   2.44948974e+00,
         0.00000000e+00,   2.66630620e-02,   1.75063987e-02])]}
