number of samples: 6117
NONERECALL: 0.001000
CV: 5
Abstention True
Inverse_laplace 64
{'perf': [array([  1.81622256e-01,   0.00000000e+00,   0.00000000e+00,
         1.00000000e+00,   6.88088596e-01,   6.34781743e-01,
         9.24145196e-01,   5.72340730e-01,   7.41535868e-01,
         1.00000000e+00,   5.92419236e-01,   3.72904477e-01,
         9.00313249e-01,   3.00085315e-01,   5.24329632e-01,
         1.22340000e+03,   9.35800000e+02,   7.12200000e+02,
         9.31800000e+02,   7.47600000e+02,   6.63400000e+02,
         0.00000000e+00,   5.60354052e-01,   5.40764121e-01]), array([  1.21196460e-02,   0.00000000e+00,   0.00000000e+00,
         0.00000000e+00,   2.57592158e-02,   1.71376622e-02,
         1.30278035e-02,   1.66974610e-02,   3.11890691e-02,
         0.00000000e+00,   3.05301604e-02,   1.60237440e-02,
         1.74587051e-02,   2.87210968e-02,   4.84194883e-02,
         4.89897949e-01,   1.22865780e+01,   1.89251156e+01,
         1.02645019e+01,   4.84148737e+00,   1.34253492e+01,
         0.00000000e+00,   5.03382721e-03,   7.82203809e-03])]}
