100 42.000000 1.000000
200 82.500000 3.500000
300 123.000000 5.000000
400 165.500000 3.500000
500 208.500000 5.500000
600 248.500000 13.500000
700 286.500000 0.500000
800 329.500000 1.500000
900 363.500000 5.500000
1000 400.000000 3.000000
1100 430.000000 2.000000
1200 465.500000 4.500000
1300 501.000000 4.000000
1400 546.500000 6.500000
1500 579.000000 1.000000
1600 615.500000 13.500000
1700 644.500000 9.500000
1800 686.500000 13.500000
1900 716.000000 10.000000
2000 760.500000 9.500000
2100 802.000000 1.000000
2200 827.000000 9.000000
2300 852.500000 2.500000
2400 887.000000 1.000000
2500 936.500000 14.500000
2600 962.500000 8.500000
2700 975.000000 1.000000
2800 1011.000000 9.000000
2900 1048.500000 7.500000
3000 1084.000000 12.000000
3100 1103.000000 9.000000
3200 1143.000000 8.000000
3300 1188.500000 2.500000
3400 1215.000000 17.000000
3500 1247.500000 18.500000
3600 1287.000000 1.000000
3700 1317.000000 6.000000
3800 1347.500000 1.500000
3900 1369.500000 7.500000
4000 1418.000000 0.000000
