100 0.656214
200 1.500831
300 2.326438
400 3.553399
500 4.698854
600 5.730522
700 7.066547
800 7.723381
900 9.236336
1000 10.646908
1100 11.760906
1200 13.376622
1300 13.977954
1400 15.210783
1500 16.705948
1600 17.692138
1700 18.680559
1800 20.167404
1900 21.761845
2000 23.556884
2100 24.680614
2200 25.986620
2300 27.368082
2400 29.038411
2500 31.166082
2600 32.427181
2700 32.344836
2800 34.963060
2900 36.016665
3000 37.760140
3100 36.776388
3200 38.185021
3300 38.812545
3400 42.856222
3500 43.367345
3600 46.781531
3700 46.129283
3800 47.617184
3900 49.879044
4000 50.860329
