/home/jasonzhang/anaconda2/lib/python2.7/site-packages/numpy/ma/core.py:867: RuntimeWarning: invalid value encountered in less_equal
  return umath.less_equal(x, self.critical_value)
[0.20384204909284953, 0, 0, 0.98826040554962646, 0.85378868729989332, 0.55389541088580574, 0.92422625400213443, 0.44076840981856991, 0.62966915688367131, 0.9882604055496265, 0.8491189427312775, 0.4250343878954608, 0.9190421892816419, 0.32734274711168165, 0.5207182320441989, 937.0, 908.0, 727.0, 877.0, 779.0, 724.0, 0, 0.61830224708395398, 0.49389671361502346, nan, 0.987220447284345, 0.9866071428571429, 0.987220447284345, 0.9871244635193133, 0.9864864864864865, nan, nan, 0.9154676258992805, 0.7432950191570882, 0.9851973684210527, 0.7961335676625659, 0.022222222222222223, 0.19047619047619047, nan, 0.002967359050445104, 0.675392670157068, 0.4725274725274725, nan, 0.4855072463768116, 0.983754512635379, nan, 0.9909747292418772, 0.8566108007448789, 0.1111111111111111, 0.0030959752321981426, 0.44676409185803756, 0.00558659217877095, nan, 0.4346846846846847, 0.018867924528301886, 0.4175824175824176, 0.6598639455782312, 0.20728291316526612, 0.8, nan, 0, 937, 894, 937, 930, 886, 0, 0, 554, 520, 606, 567, 43, 376, 0, 335, 380, 362, 0, 412, 552, 0, 552, 535, 7, 321, 477, 356, 0, 442, 51, 362, 439, 355, 398, 0, 0.27763294540948696]
[0.19637139807897544, 0, 0, 0.99573105656350058, 0.84311632870864461, 0.50693703308431159, 0.91995731056563501, 0.48986125933831376, 0.62646744930629672, 0.9957310565635006, 0.8391684901531729, 0.38563829787234044, 0.9157303370786517, 0.39722572509457754, 0.5263870094722598, 937.0, 914.0, 752.0, 890.0, 793.0, 739.0, 0, 0.62860850351111197, 0.48826895565092987, nan, 0.9946751863684771, 0.9943630214205186, 0.9946695095948828, 0.9946351931330472, 0.9942660550458715, nan, nan, 0.8959854014598541, 0.7343453510436433, 0.9885433715220949, 0.7923875432525952, 0.018518518518518517, 0.18393782383419688, nan, 0.005780346820809248, 0.5966587112171837, 0.45758354755784064, 0.3333333333333333, 0.47572815533980584, 0.992831541218638, nan, 0.9949748743718593, 0.8772893772893773, 0.1111111111111111, 0.003125, 0.5663716814159292, 0.0030959752321981426, nan, 0.527027027027027, 0.014492753623188406, 0.4117647058823529, 0.6899766899766899, 0.2409972299168975, 0.7169811320754716, nan, 0, 937, 885, 936, 930, 870, 0, 0, 546, 525, 609, 576, 52, 384, 0, 344, 417, 387, 1, 410, 556, 0, 595, 544, 7, 318, 450, 321, 0, 442, 67, 355, 427, 359, 422, 0, 0.27910355085274041]
[0.19530416221985059, 0, 0, 0.99252934898612588, 0.85165421558164356, 0.52294557097118466, 0.9231590181430096, 0.45037353255069368, 0.60939167556029883, 0.9925293489861259, 0.8479212253829321, 0.4032042723631509, 0.918552036199095, 0.3586550435865504, 0.5054054054054054, 937.0, 914.0, 749.0, 884.0, 803.0, 740.0, 0, 0.61945167242615684, 0.48078853046594983, nan, 0.9914802981895634, 0.9910514541387024, 0.9914802981895634, 0.9913978494623656, 0.9909399773499433, nan, nan, 0.896551724137931, 0.7290448343079922, 0.9818481848184818, 0.8100358422939068, 0.02127659574468085, 0.15625, nan, 0.005681818181818182, 0.6018957345971564, 0.44297082228116713, nan, 0.4426229508196721, 0.9890310786106032, nan, 0.9912434325744308, 0.884469696969697, 0.09090909090909091, 0.012307692307692308, 0.5367965367965368, 0.0029411764705882353, nan, 0.44370860927152317, 0.017241379310344827, 0.4106666666666667, 0.6289592760180995, 0.22043010752688172, 0.7142857142857143, nan, 0, 937, 892, 937, 928, 881, 0, 0, 549, 511, 604, 556, 45, 382, 0, 350, 420, 375, 0, 425, 545, 0, 569, 526, 9, 323, 460, 338, 0, 451, 56, 373, 440, 370, 411, 0, 0.2847056488600111]
[0.21771611526147278, 0, 0, 0.98719316969050164, 0.82604055496264672, 0.52294557097118466, 0.9092849519743863, 0.46531483457844186, 0.65848452508004274, 0.9871931696905016, 0.8200883002207505, 0.4047936085219707, 0.9032992036405005, 0.36742424242424243, 0.5580110497237569, 937.0, 906.0, 751.0, 879.0, 792.0, 724.0, 0, 0.62688773506164663, 0.49130434782608695, nan, 0.9861554845580405, 0.9854748603351955, 0.9861407249466951, 0.9860064585575888, 0.9852774631936579, nan, nan, 0.8729582577132486, 0.7080979284369114, 0.971107544141252, 0.7605633802816901, 0.021739130434782608, 0.21164021164021163, nan, 0.008595988538681949, 0.6159420289855072, 0.3984575835475/home/jasonzhang/anaconda2/lib/python2.7/site-packages/numpy/lib/nanfunctions.py:703: RuntimeWarning: Mean of empty slice
  warnings.warn("Mean of empty slice", RuntimeWarning)
/home/jasonzhang/anaconda2/lib/python2.7/site-packages/numpy/lib/nanfunctions.py:1202: RuntimeWarning: Degrees of freedom <= 0 for slice.
  warnings.warn("Degrees of freedom <= 0 for slice.", RuntimeWarning)
5784, 0.3333333333333333, 0.4552238805970149, 0.980072463768116, nan, 0.9862306368330465, 0.8623853211009175, 0.08333333333333333, 0.019736842105263157, 0.4878587196467991, 0.006042296072507553, nan, 0.4248927038626609, 0.017241379310344827, 0.43370165745856354, 0.7259953161592506, 0.24369747899159663, 0.6958762886597938, nan, 0, 937, 893, 936, 927, 881, 0, 0, 549, 529, 621, 566, 44, 376, 0, 347, 412, 387, 1, 400, 550, 0, 579, 543, 10, 302, 451, 329, 0, 464, 56, 360, 425, 355, 386, 0, 0.30381119395011091]
[0.19230769230769232, 0, 0, 0.99465811965811968, 0.8600427350427351, 0.55341880341880345, 0.89850427350427353, 0.44764957264957267, 0.59081196581196582, 0.9946581196581197, 0.8557268722466961, 0.4258241758241758, 0.8913043478260869, 0.35375, 0.4613220815752461, 936.0, 908.0, 728.0, 874.0, 800.0, 711.0, 0, 0.61234240973495668, 0.4879310344827586, nan, 0.9935965848452508, 0.9933920704845814, 0.9936034115138592, 0.9935622317596566, 0.9931972789115646, 0.3333333333333333, nan, 0.8959854014598541, 0.7456647398843931, 0.9884105960264901, 0.7989031078610603, 0.03125, 0.17232375979112272, nan, 0.005747126436781609, 0.6675191815856778, 0.5297450424929179, nan, 0.4639423076923077, 0.9908088235294118, nan, 0.9911190053285968, 0.887189292543021, 0.125, 0.006153846153846154, 0.49375, 0.0029411764705882353, nan, 0.4888888888888889, 0.017241379310344827, 0.39790575916230364, 0.5899772209567198, 0.1752021563342318, 0.7089552238805971, nan, 0, 935, 906, 936, 930, 880, 1, 0, 546, 517, 602, 545, 30, 381, 0, 346, 389, 351, 0, 414, 542, 0, 561, 521, 6, 323, 478, 338, 0, 448, 56, 380, 437, 369, 400, 0, 0.28783906902835865]
{'perf': [array([  2.01108283e-01,   0.00000000e+00,   0.00000000e+00,
         9.91674420e-01,   8.46928504e-01,   5.32028478e-01,
         9.15026362e-01,   4.58793522e-01,   6.22964955e-01,
         9.91674420e-01,   8.42404766e-01,   4.08898948e-01,
         9.09585623e-01,   3.60879552e-01,   5.14368756e-01,
         9.36800000e+02,   9.10000000e+02,   7.41400000e+02,
         8.80800000e+02,   7.93400000e+02,   7.27600000e+02,
         0.00000000e+00,   6.21118514e-01,   4.88437916e-01,
                    nan,   9.90625600e-01,   9.90177710e-01,
         9.90622878e-01,   9.90545239e-01,   9.90033452e-01,
         3.33333333e-01,              nan,   8.95389682e-01,
         7.32089575e-01,   9.83021413e-01,   7.91604688e-01,
         2.30012934e-02,   1.82925597e-01,              nan,
         5.75452781e-03,   6.31481665e-01,   4.60256894e-01,
         3.33333333e-01,   4.64604908e-01,   9.87299684e-01,
                    nan,   9.90908536e-01,   8.73588898e-01,
         1.04292929e-01,   8.88387116e-03,   5.06308206e-01,
         4.12144328e-03,              nan,   4.63840383e-01,
         1.70169632e-02,   4.14324241e-01,   6.58954490e-01,
         2.17521977e-01,   7.27219672e-01,              nan,
         0.00000000e+00,   9.36600000e+02,   8.94000000e+02,
         9.36400000e+02,   9.29000000e+02,   8.79600000e+02,
         2.00000000e-01,   0.00000000e+00,   5.48800000e+02,
         5.20400000e+02,   6.08400000e+02,   5.62000000e+02,
         4.28000000e+01,   3.79800000e+02,   0.00000000e+00,
         3.44400000e+02,   4.03600000e+02,   3.72400000e+02,
         4.00000000e-01,   4.12200000e+02,   5.49000000e+02,
         0.00000000e+00,   5.71200000e+02,   5.33800000e+02,
         7.80000000e+00,   3.17400000e+02,   4.63200000e+02,
         3.36400000e+02,   0.00000000e+00,   4.49400000e+02,
         5.72000000e+01,   3.66000000e+02,   4.33600000e+02,
         3.61600000e+02,   4.03400000e+02,   0.00000000e+00,
         2.86618482e-01]), array([  9.13093492e-03,   0.00000000e+00,   0.00000000e+00,
         3.40078716e-03,   1.17661941e-02,   1.86026223e-02,
         9.80852242e-03,   1.74798188e-02,   2.25251072e-02,
         3.40078716e-03,   1.23408925e-02,   1.50808272e-02,
         1.07824377e-02,   2.25582513e-02,   3.15711748e-02,
         4.00000000e-01,   3.34664011e+00,   1.13947356e+01,
         5.63560112e+00,   8.30903123e+00,   1.08185027e+01,
         0.00000000e+00,   5.95169859e-03,   4.40030632e-03,
                    nan,   3.39214996e-03,   3.56309187e-03,
         3.39588597e-03,   3.43100998e-03,   3.57622458e-03,
         0.00000000e+00,              nan,   1.34785217e-02,
         1.34149555e-02,   6.44339720e-03,   1.65991613e-02,
         4.31997733e-03,   1.84745857e-02,              nan,
         1.78034923e-03,   3.33356405e-02,   4.26714886e-02,
         0.00000000e+00,   1.50484786e-02,   4.70561758e-03,
                    nan,   2.77772148e-03,   1.20899296e-02,
         1.51009256e-02,   6.38164403e-03,   4.14264481e-02,
         1.39096951e-03,              nan,   3.84506031e-02,
         1.41058708e-03,   1.16240750e-02,   4.71492373e-02,
         2.50619523e-02,   3.71081901e-02,              nan,
         0.00000000e+00,   8.00000000e-01,   6.78232998e+00,
         4.89897949e-01,   1.26491106e+00,   5.23832034e+00,
         4.00000000e-01,   0.00000000e+00,   2.92574777e+00,
         6.24819974e+00,   6.71118469e+00,   1.06018866e+01,
         7.13862732e+00,   3.24961536e+00,   0.00000000e+00,
         5.08330601e+00,   1.60573970e+01,   1.41364776e+01,
         4.89897949e-01,   8.00999376e+00,   4.97995984e+00,
         0.00000000e+00,   1.48647233e+01,   9.10823803e+00,
         1.46969385e+00,   7.91454357e+00,   1.21885192e+01,
         1.16721892e+01,   0.00000000e+00,   8.08949937e+00,
         5.26877595e+00,   9.14330356e+00,   6.31189354e+00,
         6.62117814e+00,   1.22245654e+01,   0.00000000e+00,
         9.35897607e-03])]}
