/home/jasonzhang/anaconda2/lib/python2.7/site-packages/numpy/ma/core.py:867: RuntimeWarning: invalid value encountered in less_equal
  return umath.less_equal(x, self.critical_value)
[0.18620227729403885, 0, 0, 1.0, 0.8158070997990623, 0.59611520428667109, 0.82049564634963157, 0.66979236436704626, 0.63831212324179509, 1.0, 0.7474747474747475, 0.23477157360406092, 0.7673611111111112, 0.5227492739593417, 0.3333333333333333, 1493.0, 1089.0, 788.0, 1152.0, 1033.0, 810.0, 0, 0.53505981402143932, 0.59800995024875625, nan, 0.9993311036789297, 0.9993275050437121, 0.9993311036789297, 0.9993311036789297, 0.9993297587131368, nan, nan, 0.9988636363636364, 0.5163690476190477, 0.7312, 0.9722222222222222, 0.1, 0.00273224043715847, nan, 0.0028089887640449437, 0.00821917808219178, 0.15258215962441316, nan, 0.5333333333333333, 0.9988888888888889, nan, 0.750367107195301, 0.9988207547169812, nan, 0.37636080870917576, 0.9975339087546239, 0.27948303715670436, nan, 0.9950433705080545, 0.2, 0.11138613861386139, 0.8827586206896552, 0.002570694087403599, 0.029154518950437316, nan, 0, 1493, 1485, 1493, 1493, 1490, 0, 0, 878, 670, 623, 826, 8, 364, 0, 354, 363, 424, 0, 658, 898, 0, 679, 846, 0, 641, 809, 617, 0, 805, 3, 402, 578, 387, 341, 0, 0.2414159361124259]
[0.1955793703951775, 0, 0, 1.0, 0.78030810448760879, 0.60549229738780974, 0.81714668452779637, 0.72069658405894177, 0.65840589417280648, 1.0, 0.7063563115487914, 0.23901808785529716, 0.7603160667251976, 0.5974903474903475, 0.3552465233881163, 1493.0, 1117.0, 774.0, 1139.0, 1036.0, 791.0, 0, 0.54855256393999274, 0.59953249181860691, nan, 0.9993311036789297, 0.9993297587131368, 0.9993311036789297, 0.9993311036789297, 0.9993311036789297, nan, nan, 0.9989130434782608, 0.5257301808066759, 0.6657142857142857, 0.9305882352941176, 0.2, 0.0029154518950437317, nan, 0.0029850746268656717, 0.016853932584269662, 0.14831460674157304, nan, 0.5659777424483307, 0.9988876529477196, nan, 0.6874115983026874, 0.9976442873969376, nan, 0.4214876033057851, 0.9939903846153846, 0.39225589225589225, nan, 0.9902794653705954, nan, 0.11951219512195121, 0.8983666061705989, 0.002531645569620253, 0.042735042735042736, nan, 0, 1493, 1490, 1493, 1493, 1493, 0, 0, 918, 717, 698, 848, 3, 341, 0, 333, 354, 443, 0, 627, 897, 0, 705, 847, 0, 603, 830, 592, 0, 821, 0, 408, 549, 393, 349, 0, 0.26523764854933934]
[0.18620227729403885, 0, 0, 1.0, 0.81446751507032822, 0.60080375083724047, 0.78097789685197594, 0.73074346952444746, 0.62491627595445409, 1.0, 0.7502254283137962, 0.2388250319284802, 0.7163920208152645, 0.6062683643486778, 0.30087390761548066, 1493.0, 1109.0, 783.0, 1153.0, 1021.0, 801.0, 0, 0.53486637913248991, 0.58251057827926656, nan, 0.9993311036789297, 0.9993275050437121, 0.9993311036789297, 0.9993311036789297, 0.999330207635633, nan, nan, 0.9988751406074241, 0.5927536231884057, 0.7078488372093024, 0.9528415961305925, 0.1, 0.00267379679144385, nan, 0.0027397260273972603, 0.010638297872340425, 0.21577726218097448, nan, 0.5105105105105106, 0.9988505747126437, nan, 0.5857338820301783, 0.9988095238095238, nan, 0.3953488372093023, 0.9962358845671268, 0.4075993091537133, nan, 0.9832689832689833, 0.25, 0.09047619047619047, 0.8860294117647058, 0.002531645569620253, 0.02368421052631579, nan, 0, 1493, 1485, 1493, 1493, 1491, 0, 0, 887, 688, 686, 825, 8, 372, 0, 363, 374, 429, 0, 664, 868, 0, 727, 838, 0, 600, 795, 577, 0, 775, 2, 418, 542, 393, 378, 0, 0.24648463513580421]
[0.17883456128600134, 0, 0, 1.0, 0.79973208305425314, 0.63965170797052917, 0.80709979906229068, 0.7026121902210315, 0.63496316141995979, 1.0, 0.7339857651245552, 0.2670299727520436, 0.7467018469656992, 0.5519677093844602, 0.31446540880503143, 1493.0, 1124.0, 734.0, 1137.0, 991.0, 795.0, 0, 0.54218425852355001, 0.6011695906432748, nan, 0.9993311036789297, 0.9993288590604027, 0.9993311036789297, 0.9993311036789297, 0.999330207635633, nan, nan, 0.9989417989417989, 0.5511049723756906, 0.6941678520625889, 0.9599528857479388, 0.14285714285714285, 0.0031446540880503146, nan, 0.0031746031746031746, 0.021341463414634148, 0.29901960784313725, nan, 0.5707317073170731, 0.9989010989010989, nan, 0.6618287373004355, 0.9988095238095238, nan, 0.4106529209621993, 0.9939024390243902, 0.31552587646076796, nan, 0.9884615384615385, 0.25, 0.12530712530712532, 0./home/jasonzhang/anaconda2/lib/python2.7/site-packages/numpy/lib/nanfunctions.py:703: RuntimeWarning: Mean of empty slice
  warnings.warn("Mean of empty slice", RuntimeWarning)
/home/jasonzhang/anaconda2/lib/python2.7/site-packages/numpy/lib/nanfunctions.py:1202: RuntimeWarning: Degrees of freedom <= 0 for slice.
  warnings.warn("Degrees of freedom <= 0 for slice.", RuntimeWarning)
772887323943662, 0.0025, 0.0196078431372549, nan, 0, 1493, 1488, 1493, 1493, 1491, 0, 0, 943, 722, 701, 847, 5, 316, 0, 313, 326, 406, 0, 613, 908, 0, 687, 838, 0, 580, 818, 597, 0, 778, 2, 405, 566, 398, 355, 0, 0.26162904363959283]
[0.16823056300268097, 0, 0, 1.0, 0.81166219839142095, 0.58847184986595169, 0.81367292225201071, 0.69504021447721176, 0.63806970509383376, 1.0, 0.7504440497335702, 0.2257250945775536, 0.7582608695652174, 0.5569620253164557, 0.33002481389578164, 1492.0, 1126.0, 793.0, 1150.0, 1027.0, 806.0, 0, 0.53560936809479087, 0.58256410256410252, nan, 0.999330655957162, 0.9993279569892473, 0.999330655957162, 0.999330655957162, 0.9993297587131368, nan, nan, 0.9988901220865705, 0.5909090909090909, 0.6914893617021277, 0.9504716981132075, 0.125, 0.0025252525252525255, nan, 0.002840909090909091, 0.007594936708860759, 0.20915032679738563, nan, 0.5669642857142857, 0.9988726042841037, nan, 0.6949152542372882, 0.99880810488677, nan, 0.40342679127725856, 0.9937185929648241, 0.30887372013651876, nan, 0.9884169884169884, 0.25, 0.12037037037037036, 0.8367346938775511, 0.002544529262086514, 0.031007751937984496, nan, 0, 1492, 1486, 1492, 1492, 1490, 0, 0, 899, 680, 656, 846, 6, 394, 0, 350, 393, 457, 0, 670, 885, 0, 706, 837, 0, 640, 794, 584, 0, 775, 2, 430, 537, 391, 385, 0, 0.24950876065849861]
{'perf': [array([  1.83009810e-01,   0.00000000e+00,   0.00000000e+00,
         1.00000000e+00,   8.04395400e-01,   6.06106962e-01,
         8.07878590e-01,   7.03776965e-01,   6.38933432e-01,
         1.00000000e+00,   7.37697260e-01,   2.41073952e-01,
         7.49806383e-01,   5.67087544e-01,   3.26788797e-01,
         1.49280000e+03,   1.11300000e+03,   7.74400000e+02,
         1.14620000e+03,   1.02160000e+03,   8.00600000e+02,
         0.00000000e+00,   5.39254477e-01,   5.92757343e-01,
                    nan,   9.99331014e-01,   9.99328317e-01,
         9.99331014e-01,   9.99331014e-01,   9.99330207e-01,
                    nan,              nan,   9.98896748e-01,
         5.55373383e-01,   6.98084067e-01,   9.53215328e-01,
         1.33571429e-01,   2.79827915e-03,              nan,
         2.90986034e-03,   1.29295617e-02,   2.04968793e-01,
                    nan,   5.49503516e-01,   9.98880164e-01,
                    nan,   6.76051316e-01,   9.98578439e-01,
                    nan,   4.01455392e-01,   9.95076242e-01,
         3.40747567e-01,              nan,   9.89094069e-01,
         2.37500000e-01,   1.13410404e-01,   8.55355331e-01,
         2.53570290e-03,   2.92378735e-02,              nan,
         0.00000000e+00,   1.49280000e+03,   1.48680000e+03,
         1.49280000e+03,   1.49280000e+03,   1.49100000e+03,
         0.00000000e+00,   0.00000000e+00,   9.05000000e+02,
         6.95400000e+02,   6.72800000e+02,   8.38400000e+02,
         6.00000000e+00,   3.57400000e+02,   0.00000000e+00,
         3.42600000e+02,   3.62000000e+02,   4.31800000e+02,
         0.00000000e+00,   6.46400000e+02,   8.91200000e+02,
         0.00000000e+00,   7.00800000e+02,   8.41200000e+02,
         0.00000000e+00,   6.12800000e+02,   8.09200000e+02,
         5.93400000e+02,   0.00000000e+00,   7.90800000e+02,
         1.80000000e+00,   4.12600000e+02,   5.54400000e+02,
         3.92400000e+02,   3.61600000e+02,   0.00000000e+00,
         2.52855205e-01]), array([  9.10204798e-03,   0.00000000e+00,   0.00000000e+00,
         0.00000000e+00,   1.33148420e-02,   1.76894559e-02,
         1.41627383e-02,   2.11948412e-02,   1.08862532e-02,
         0.00000000e+00,   1.67991973e-02,   1.38441802e-02,
         1.79791992e-02,   3.08431025e-02,   1.83662317e-02,
         4.00000000e-01,   1.34014925e+01,   2.11527776e+01,
         6.79411510e+00,   1.61443489e+01,   6.94550214e+00,
         0.00000000e+00,   5.38842203e-03,   8.40424622e-03,
                    nan,   1.79088707e-07,   8.74130427e-07,
         1.79088707e-07,   1.79088707e-07,   4.91112157e-07,
                    nan,              nan,   2.79366876e-05,
         3.18695649e-02,   2.14412937e-02,   1.36110927e-02,
         3.69500490e-02,   2.13590991e-04,              nan,
         1.54674491e-04,   5.33022710e-03,   5.46514779e-02,
                    nan,   2.37016624e-02,   1.73387043e-05,
                    nan,   5.36045924e-02,   4.67098046e-04,
                    nan,   1.52105132e-02,   1.53525290e-03,
         5.00553322e-02,              nan,   3.78390036e-03,
         2.16506351e-02,   1.23067523e-02,   4.62374515e-02,
         2.28469201e-05,   7.85994468e-03,              nan,
         0.00000000e+00,   4.00000000e-01,   1.93907194e+00,
         4.00000000e-01,   4.00000000e-01,   1.09544512e+00,
         0.00000000e+00,   0.00000000e+00,   2.32465051e+01,
         2.05484793e+01,   2.95526649e+01,   1.05565146e+01,
         1.89736660e+00,   2.67551864e+01,   0.00000000e+00,
         1.77155299e+01,   2.22081066e+01,   1.72904598e+01,
         0.00000000e+00,   2.23302485e+01,   1.37025545e+01,
         0.00000000e+00,   1.67140659e+01,   4.35430821e+00,
         0.00000000e+00,   2.39616360e+01,   1.37317151e+01,
         1.36323146e+01,   0.00000000e+00,   1.88509947e+01,
         9.79795897e-01,   1.02293695e+01,   1.53440542e+01,
         3.55527777e+00,   1.69894085e+01,   0.00000000e+00,
         9.08784766e-03])]}
