/home/jasonzhang/anaconda2/lib/python2.7/site-packages/numpy/ma/core.py:867: RuntimeWarning: invalid value encountered in less_equal
  return umath.less_equal(x, self.critical_value)
[0.21160130718954248, 0, 0, 1.0, 0.81127450980392157, 0.64624183006535951, 0.94362745098039214, 0.59803921568627449, 0.57189542483660127, 1.0, 0.7550371155885471, 0.3669590643274854, 0.9249183895538629, 0.3387096774193548, 0.22023809523809523, 1224.0, 943.0, 684.0, 919.0, 744.0, 672.0, 0, 0.51709249010914904, 0.54130808950086062, nan, 0.9991843393148451, 0.9991666666666666, 0.9991843393148451, 0.9991796554552912, 0.9991568296795953, nan, nan, 0.9922720247295209, 0.413265306122449, 0.9969230769230769, 0.9893939393939394, 0.03571428571428571, 0.01411764705882353, nan, 0.0027247956403269754, 0.550351288056206, 0.7682619647355163, nan, 0.7057692307692308, 0.9983844911147012, nan, 0.9984520123839009, 0.9983922829581994, 0.1111111111111111, 0.0024630541871921183, 0.4854771784232365, 0.0027247956403269754, nan, 0.7280334728033473, 0.023809523809523808, 0.01990049751243781, 0.2631578947368421, 0.005405405405405406, 0.3939393939393939, nan, 0, 1224, 1198, 1224, 1217, 1184, 0, 0, 645, 586, 648, 658, 26, 423, 0, 365, 425, 395, 0, 518, 617, 0, 644, 620, 7, 404, 480, 365, 0, 476, 40, 400, 416, 368, 394, 0, 0.19403668665141216]
[0.18790849673202614, 0, 0, 1.0, 0.77696078431372551, 0.61111111111111116, 0.95996732026143794, 0.55800653594771243, 0.65196078431372551, 1.0, 0.7132352941176471, 0.31510791366906477, 0.947481243301179, 0.2767379679144385, 0.33748055987558323, 1224.0, 952.0, 695.0, 933.0, 748.0, 643.0, 0, 0.5205111586823894, 0.5524632670700087, nan, 0.9991843393148451, 0.9991742361684558, 0.9991843393148451, 0.9991816693944353, 0.9991680532445923, nan, nan, 0.9894736842105263, 0.3306188925081433, 0.9955089820359282, 0.9697841726618706, 0.058823529411764705, 0.01937046004842615, nan, 0.002583979328165375, 0.6190476190476191, 0.6116504854368932, nan, 0.8091451292246521, 0.9983766233766234, nan, 0.9984615384615385, 0.9939117199391172, 0.16666666666666666, 0.010610079575596816, 0.4707070707070707, 0.002638522427440633, nan, 0.5201535508637236, 0.038461538461538464, 0.049723756906077346, 0.5575447570332481, 0.005934718100890208, 0.5989159891598916, nan, 0, 1224, 1209, 1224, 1220, 1200, 0, 0, 663, 612, 666, 693, 15, 411, 0, 385, 439, 410, 0, 501, 614, 0, 648, 655, 4, 375, 493, 377, 0, 519, 24, 360, 389, 335, 367, 0, 0.22918704566399214]
[0.17906786590351595, 0, 0, 1.0, 0.81439084219133284, 0.58217497955846276, 0.9525756336876533, 0.63450531479967298, 0.55682747342600158, 1.0, 0.7532608695652174, 0.29517241379310344, 0.9388830347734457, 0.40794701986754967, 0.20411160058737152, 1223.0, 920.0, 725.0, 949.0, 755.0, 681.0, 0, 0.50896043132413882, 0.52009093492469449, nan, 0.9991836734693877, 0.9991610738255033, 0.9991836734693877, 0.9991809991809992, 0.9991467576791809, nan, nan, 0.9917491749174917, 0.4194107452339688, 0.995260663507109, 0.9888888888888889, 0.02857142857142857, 0.006423982869379015, nan, 0.0024691358024691358, 0.3516949152542373, 0.7372093023255814, nan, 0.6804511278195489, 0.9983633387888707, nan, 0.9984848484848485, 0.9983948635634029, 0.16666666666666666, 0.004889975550122249, 0.6659528907922913, 0.002680965147453083, nan, 0.7953091684434968, 0.01818181818181818, 0.009324009324009324, 0.31234866828087166, 0.002512562814070352, 0.2962962962962963, nan, 0, 1223, 1190, 1223, 1219, 1170, 0, 0, 604, 575, 631, 628, 33, 465, 0, 403, 470, 428, 0, 530, 609, 0, 658, 621, 4, 407, 465, 371, 0, 467, 53, 427, 411, 396, 430, 0, 0.18033501749119571]
[0.1839738348323794, 0, 0, 1.0, 0.81439084219133284, 0.58871627146361405, 0.94766966475878989, 0.61733442354865087, 0.57972199509403111, 1.0, 0.7587672688629118, 0.3081155433287483, 0.9314775160599572, 0.3684210526315789, 0.22938530734632684, 1223.0, 941.0, 727.0, 934.0, 741.0, 667.0, 0, 0.51382760736118738, 0.5450442730648386, nan, 0.9991836734693877, 0.999163179916318, 0.9991830065359477, 0.9991803278688525, 0.9991532599491956, nan, nan, 0.9919354838709677, 0.4462081128747795, 0.9937694704049844, 0.9736842105263158, 0.03125, 0.010822510822510822, nan, 0.002583979328165375, 0.38293216630196936, 0.6921241050119332, 0.3333333333333333, 0.7064220183486238, 0.9983948635634029, nan, 0.9984732/home/jasonzhang/anaconda2/lib/python2.7/site-packages/numpy/lib/nanfunctions.py:703: RuntimeWarning: Mean of empty slice
  warnings.warn("Mean of empty slice", RuntimeWarning)
/home/jasonzhang/anaconda2/lib/python2.7/site-packages/numpy/lib/nanfunctions.py:1202: RuntimeWarning: Degrees of freedom <= 0 for slice.
  warnings.warn("Degrees of freedom <= 0 for slice.", RuntimeWarning)
824427481, 0.9984202211690363, 0.14285714285714285, 0.0024330900243309003, 0.6604166666666667, 0.0026666666666666666, nan, 0.7293868921775899, 0.021739130434782608, 0.0166270783847981, 0.3740831295843521, 0.008287292817679558, 0.36790123456790125, nan, 0, 1223, 1193, 1222, 1218, 1179, 0, 0, 618, 565, 640, 644, 30, 460, 0, 385, 455, 417, 1, 543, 621, 0, 653, 631, 5, 409, 478, 373, 0, 471, 44, 419, 407, 360, 403, 0, 0.19841358139439305]
[0.1749795584627964, 0, 0, 1.0, 0.79967293540474249, 0.61242845461978745, 0.93867538838920683, 0.56336876533115288, 0.60506950122649228, 1.0, 0.7345612134344529, 0.3506849315068493, 0.9188311688311688, 0.288, 0.26146788990825687, 1223.0, 923.0, 730.0, 924.0, 750.0, 654.0, 0, 0.51109144458905642, 0.52702237521514639, nan, 0.9991836734693877, 0.9991659716430359, 0.9991830065359477, 0.9991816693944353, 0.9991503823279524, nan, nan, 0.9872408293460925, 0.3745583038869258, 0.9903846153846154, 0.968944099378882, 0.03571428571428571, 0.01569506726457399, nan, 0.002583979328165375, 0.611353711790393, 0.7255813953488373, 0.3333333333333333, 0.6960600375234521, 0.998422712933754, nan, 0.9984375, 0.9919871794871795, 0.2, 0.004878048780487805, 0.4471057884231537, 0.002577319587628866, nan, 0.6015625, 0.02, 0.01707317073170732, 0.4105011933174224, 0.01098901098901099, 0.5038759689922481, nan, 0, 1223, 1197, 1222, 1220, 1175, 0, 0, 625, 564, 622, 642, 26, 444, 0, 385, 456, 428, 1, 531, 632, 0, 638, 622, 3, 408, 499, 386, 0, 510, 48, 408, 417, 362, 385, 0, 0.21154809586631865]
{'perf': [array([  1.87506213e-01,   0.00000000e+00,   0.00000000e+00,
         1.00000000e+00,   8.03337983e-01,   6.08134529e-01,
         9.48503092e-01,   5.94250851e-01,   5.93095036e-01,
         1.00000000e+00,   7.42972352e-01,   3.27207973e-01,
         9.32318271e-01,   3.35963144e-01,   2.50536691e-01,
         1.22340000e+03,   9.35800000e+02,   7.12200000e+02,
         9.31800000e+02,   7.47600000e+02,   6.63400000e+02,
         0.00000000e+00,   5.14296626e-01,   5.37185788e-01,
                    nan,   9.99183940e-01,   9.99166226e-01,
         9.99183673e-01,   9.99180864e-01,   9.99155057e-01,
                    nan,              nan,   9.90534239e-01,
         3.96812272e-01,   9.94369362e-01,   9.78139062e-01,
         3.80147059e-02,   1.32859336e-02,              nan,
         2.58917389e-03,   5.03075940e-01,   7.06965451e-01,
         3.33333333e-01,   7.19569509e-01,   9.98388406e-01,
                    nan,   9.98461836e-01,   9.96221253e-01,
         1.57460317e-01,   5.05484962e-03,   5.45931919e-01,
         2.65765389e-03,              nan,   6.74889117e-01,
         2.44384022e-02,   2.25297026e-02,   3.83527129e-01,
         6.62579803e-03,   4.32185777e-01,              nan,
         0.00000000e+00,   1.22340000e+03,   1.19740000e+03,
         1.22300000e+03,   1.21880000e+03,   1.18160000e+03,
         0.00000000e+00,   0.00000000e+00,   6.31000000e+02,
         5.80400000e+02,   6.41400000e+02,   6.53000000e+02,
         2.60000000e+01,   4.40600000e+02,   0.00000000e+00,
         3.84600000e+02,   4.49000000e+02,   4.15600000e+02,
         4.00000000e-01,   5.24600000e+02,   6.18600000e+02,
         0.00000000e+00,   6.48200000e+02,   6.29800000e+02,
         4.60000000e+00,   4.00600000e+02,   4.83000000e+02,
         3.74400000e+02,   0.00000000e+00,   4.88600000e+02,
         4.18000000e+01,   4.02800000e+02,   4.08000000e+02,
         3.64200000e+02,   3.95800000e+02,   0.00000000e+00,
         2.02704085e-01]), array([  1.28166756e-02,   0.00000000e+00,   0.00000000e+00,
         0.00000000e+00,   1.42583943e-02,   2.24963604e-02,
         7.33572573e-03,   2.97824729e-02,   3.33231510e-02,
         0.00000000e+00,   1.70641811e-02,   2.70869939e-02,
         1.01032558e-02,   4.90934259e-02,   4.73273756e-02,
         4.89897949e-01,   1.22865780e+01,   1.89251156e+01,
         1.02645019e+01,   4.84148737e+00,   1.34253492e+01,
         0.00000000e+00,   4.13292663e-03,   1.18968860e-02,
                    nan,   3.26196324e-07,   4.47761567e-06,
         5.96036882e-07,   7.82765722e-07,   7.29390762e-06,
                    nan,              nan,   1.91993642e-03,
         4.02446146e-02,   2.22947023e-03,   9.12609729e-03,
         1.07566513e-02,   4.39708890e-03,              nan,
         8.10966732e-05,   1.13806156e-01,   5.35232935e-02,
         0.00000000e+00,   4.57603298e-02,   2.00059363e-05,
                    nan,   1.64281975e-05,   2.73988089e-03,
         2.94640118e-02,   2.98362360e-03,   9.65318068e-02,
         4.88922744e-05,              nan,   9.96144638e-02,
         7.25498676e-03,   1.40387632e-02,   1.00651925e-01,
         2.85250226e-03,   1.06770489e-01,              nan,
         0.00000000e+00,   4.89897949e-01,   6.46838465e+00,
         8.94427191e-01,   1.16619038e+00,   1.02878569e+01,
         0.00000000e+00,   0.00000000e+00,   2.07557221e+01,
         1.76929364e+01,   1.50678466e+01,   2.21449769e+01,
         6.09918027e+00,   2.08288262e+01,   0.00000000e+00,
         1.20266371e+01,   1.55048380e+01,   1.23709337e+01,
         4.89897949e-01,   1.42070405e+01,   7.76144316e+00,
         0.00000000e+00,   6.93974063e+00,   1.31969693e+01,
         1.35646600e+00,   1.29089117e+01,   1.19498954e+01,
         6.97423831e+00,   0.00000000e+00,   2.15276566e+01,
         9.88736568e+00,   2.33015021e+01,   1.01587401e+01,
         1.94976922e+01,   2.08365064e+01,   0.00000000e+00,
         1.65739020e-02])]}
