nytimes
time_init_proportion: 0.300000
time_target_absdiff: 100
takes 9887.605431 seconds
{'mu': [array([ 0.3880745 , -0.09564723, -0.07914096, -0.11309079, -0.09948559,
       -0.06490855]), array([ 0.15309011,  0.04866518,  0.10865303,  0.03448402,  0.07362598,
        0.11791918])], 'theta': [array([[  3.14164575e-01,   2.45198133e-02,   1.44437828e-02,
          9.35170474e-03,   1.41204057e-02,   1.62478755e-02],
       [ -5.48857198e-02,  -1.97421367e-03,  -7.90157229e-03,
         -3.26625475e-03,  -5.22297567e-03,  -1.03110410e-02],
       [ -6.23186681e-02,  -5.39901110e-03,   9.87866658e-03,
         -1.80951202e-03,  -4.99337992e-03,  -3.62824162e-03],
       [ -7.31334840e-02,  -5.89707949e-03,  -6.95421005e-03,
         -1.68696497e-03,  -4.52495994e-03,  -7.57319437e-03],
       [ -6.65923539e-02,  -5.61254771e-03,  -7.95059788e-03,
         -2.36988093e-03,   2.42256163e-03,  -7.12978588e-03],
       [ -5.71630504e-02,  -5.63696132e-03,  -1.51599784e-03,
         -2.19092071e-04,  -1.80165603e-03,   1.23944277e-02]]), array([[ 0.15982533,  0.02510605,  0.02553877,  0.01294219,  0.02362975,
         0.02509618],
       [ 0.03007214,  0.00607405,  0.01663475,  0.00540063,  0.01132093,
         0.01846266],
       [ 0.05845305,  0.00733536,  0.04340432,  0.00665167,  0.01116622,
         0.01637185],
       [ 0.03190932,  0.00658048,  0.01491958,  0.00271636,  0.00936971,
         0.01423537],
       [ 0.0464279 ,  0.00688944,  0.01755668,  0.00543081,  0.01895011,
         0.01800524],
       [ 0.0622876 ,  0.00743287,  0.01845782,  0.00747325,  0.01090233,
         0.04027755]])], 'perf': [1.28780769926927, 0.21863030748463136]}
wsj
time_init_proportion: 0.300000
time_target_absdiff: 100
MCSAMPLES: 100
takes 1148.008550 seconds
{'mu': [array([ 0.46090254, -0.10119855, -0.11356318, -0.11055287, -0.09147987,
       -0.10758871]), array([ 0.08170137,  0.03045639,  0.06195401,  0.03043872,  0.05778967,
        0.04974892])], 'theta': [array([[  3.92933577e-01,   1.96544077e-02,   7.15969605e-03,
          1.27555282e-02,   2.12491256e-02,   1.04402938e-02],
       [ -7.16969846e-02,  -2.75636631e-03,  -2.67959237e-03,
         -3.13566510e-03,  -5.08141699e-03,  -2.96019372e-03],
       [ -8.89194900e-02,  -4.68973931e-03,   2.11880377e-03,
         -2.85806485e-03,  -6.00660909e-03,  -2.76620227e-03],
       [ -8.03214930e-02,  -4.40888504e-03,  -2.13457296e-03,
         -1.94379433e-03,  -5.16379407e-03,  -2.56543843e-03],
       [ -6.81139838e-02,  -3.62397827e-03,  -2.50820207e-03,
         -2.40990748e-03,  -1.85601383e-04,  -2.22446185e-03],
       [ -8.37587971e-02,  -4.17543878e-03,  -1.95613122e-03,
         -2.40809640e-03,  -4.81170406e-03,   7.60025250e-05]]), array([[ 0.11027656,  0.01617808,  0.01804356,  0.01438971,  0.02662345,
         0.01856114],
       [ 0.02193883,  0.00296838,  0.00940666,  0.00449374,  0.00785326,
         0.00687259],
       [ 0.04026394,  0.00427407,  0.01871769,  0.00469757,  0.00888465,
         0.00691751],
       [ 0.02601783,  0.0042222 ,  0.0076863 ,  0.00205467,  0.00768749,
         0.00554983],
       [ 0.04463545,  0.00426474,  0.00947593,  0.00411234,  0.00734602,
         0.00622139],
       [ 0.03870272,  0.00415283,  0.00858279,  0.00408062,  0.00795077,
         0.00627988]])], 'perf': [1.1944650857906158, 0.18983803670116703]}
washington
time_init_proportion: 0.300000
time_target_absdiff: 100
MCSAMPLES: 100
takes 4428.780784 seconds
{'mu': [array([ 0.37979382, -0.10362231, -0.08571384, -0.10833633, -0.0948203 ,
       -0.05010693]), array([ 0.16391364,  0.04168597,  0.09658575,  0.03992997,  0.07461653,
        0.13289156])], 'theta': [array([[  3.08418632e-01,   2.06560919e-02,   1.20638407e-02,
          1.00569313e-02,   1.59985454e-02,   1.73014712e-02],
       [ -5.87759286e-02,  -2.35374896e-03,  -6.95685934e-03,
         -4.07374000e-03,  -5.86266873e-03,  -1.26391040e-02],
       [ -6.46185184e-02,  -4.46996410e-03,   6.98397324e-03,
         -2.22844139e-03,  -5.68142919e-03,  -5.32903263e-03],
       [ -6.99058889e-02,  -4.91169876e-03,  -5.57801687e-03,
         -1.57414069e-03,  -4.94495700e-03,  -8.35067846e-03],
       [ -6.25538610e-02,  -4.42107604e-03,  -6.75187737e-03,
         -2.75384061e-03,   2.42847075e-03,  -8.87084673e-03],
       [ -5.24764063e-02,  -4.49960408e-03,   2.39017099e-04,
          5.73231393e-04,  -1.93796159e-03,   1.78882391e-02]]), array([[ 0.16909568,  0.02209425,  0.02192789,  0.01352193,  0.02606811,
         0.02578899],
       [ 0.02717874,  0.00364836,  0.01480679,  0.00635832,  0.01132373,
         0.02135369],
       [ 0.05192062,  0.00596961,  0.04055184,  0.00706278,  0.01177304,
         0.0179314 ],
       [ 0.03518752,  0.00571718,  0.01294345,  0.00432254,  0.00977278,
         0.0157456 ],
       [ 0.04930419,  0.00602256,  0.01543478,  0.00623698,  0.01667142,
         0.02012515],
       [ 0.06592525,  0.00637649,  0.01827091,  0.0098632 ,  0.01180477,
         0.0491178 ]])], 'perf': [1.2927690109212107, 0.22850691752561889]}
wsj
time_init_proportion: 0.500000
time_target_absdiff: 100
MCSAMPLES: 100
takes 1981.771214 seconds
{'mu': [array([ 0.46137866, -0.10110031, -0.11383085, -0.11043364, -0.09248863,
       -0.10762817]), array([ 0.08288163,  0.0299198 ,  0.0636298 ,  0.03058665,  0.05695555,
        0.05057994])], 'theta': [array([[  3.92614435e-01,   1.97812868e-02,   7.24812052e-03,
          1.29835512e-02,   2.16705603e-02,   1.09520488e-02],
       [ -7.20091025e-02,  -2.79180925e-03,  -2.77474596e-03,
         -3.19973041e-03,  -5.18627035e-03,  -3.10842449e-03],
       [ -8.83665513e-02,  -4.69873715e-03,   2.32986027e-03,
         -2.87449330e-03,  -6.06427164e-03,  -2.87782860e-03],
       [ -8.03375644e-02,  -4.43646844e-03,  -2.18473720e-03,
         -1.96180587e-03,  -5.26048101e-03,  -2.70652903e-03],
       [ -6.87566889e-02,  -3.66749915e-03,  -2.61764045e-03,
         -2.49625313e-03,  -3.10410591e-04,  -2.35938302e-03],
       [ -8.30405894e-02,  -4.18677281e-03,  -2.00085569e-03,
         -2.45126845e-03,  -4.84912677e-03,   1.00116390e-04]]), array([[ 0.11102566,  0.01580744,  0.0178151 ,  0.01432613,  0.02681899,
         0.01918611],
       [ 0.02111609,  0.00291612,  0.00973128,  0.00453945,  0.00795026,
         0.00709774],
       [ 0.0399487 ,  0.00419087,  0.02042094,  0.00478833,  0.00888868,
         0.00710425],
       [ 0.025955  ,  0.00416907,  0.00787571,  0.00216793,  0.00776738,
         0.0057541 ],
       [ 0.04373449,  0.00418727,  0.00980441,  0.00416592,  0.00740637,
         0.00644461],
       [ 0.03889816,  0.00407194,  0.00886766,  0.0040874 ,  0.00788572,
         0.00650804]])], 'perf': [1.1860418587771038, 0.18960581818854771]}
wsj
time_init_proportion: 0.700000
time_target_absdiff: 100
MCSAMPLES: 100
takes 2709.046523 seconds
{'mu': [array([ 0.46227629, -0.10143597, -0.1138491 , -0.11045886, -0.09342009,
       -0.10769565]), array([ 0.08291573,  0.0294309 ,  0.06435457,  0.03011088,  0.05595025,
        0.05106513])], 'theta': [array([[  3.93138524e-01,   1.98088243e-02,   7.33571310e-03,
          1.31088959e-02,   2.17414960e-02,   1.12449897e-02],
       [ -7.24691074e-02,  -2.81657478e-03,  -2.82685097e-03,
         -3.22515739e-03,  -5.19417464e-03,  -3.18876537e-03],
       [ -8.80325968e-02,  -4.68436474e-03,   2.43208911e-03,
         -2.86387843e-03,  -6.03509356e-03,  -2.91084575e-03],
       [ -8.05926105e-02,  -4.43594465e-03,  -2.24361651e-03,
         -1.98927940e-03,  -5.27189315e-03,  -2.80582679e-03],
       [ -6.92053237e-02,  -3.69091730e-03,  -2.67336573e-03,
         -2.54121481e-03,  -4.28371882e-04,  -2.45202046e-03],
       [ -8.27413926e-02,  -4.18102281e-03,  -2.02396709e-03,
         -2.48936588e-03,  -4.81196281e-03,   1.12468671e-04]]), array([[ 0.11115065,  0.01565654,  0.01783098,  0.01439695,  0.02684105,
         0.01958056],
       [ 0.02075173,  0.00275929,  0.00993725,  0.00453796,  0.00793646,
         0.00721852],
       [ 0.03978303,  0.00414146,  0.02127262,  0.00481458,  0.00881783,
         0.00717795],
       [ 0.02575784,  0.00412197,  0.00805392,  0.00216161,  0.00775562,
         0.00593054],
       [ 0.04284505,  0.0041503 ,  0.00996423,  0.00418824,  0.00717393,
         0.00656805],
       [ 0.03899395,  0.00402863,  0.00901713,  0.00405305,  0.00785715,
         0.006778  ]])], 'perf': [1.1794262676042799, 0.19005886053666496]}
washington
time_init_proportion: 0.500000
time_target_absdiff: 100
MCSAMPLES: 100
takes 7360.205063 seconds
{'mu': [array([ 0.38002452, -0.10426582, -0.08568418, -0.10804221, -0.0961002 ,
       -0.04944512]), array([ 0.16450249,  0.04084873,  0.0969916 ,  0.03965534,  0.07328531,
        0.13374933])], 'theta': [array([[ 0.30834464,  0.02032087,  0.01233311,  0.01024783,  0.01599518,
         0.0178073 ],
       [-0.05934057, -0.0023558 , -0.00713902, -0.00415786, -0.00585787,
        -0.01294096],
       [-0.06430108, -0.00438534,  0.00710694, -0.00225623, -0.0056474 ,
        -0.00537531],
       [-0.0697153 , -0.00480315, -0.00569069, -0.00161211, -0.00488964,
        -0.00856222],
       [-0.06279016, -0.00434594, -0.00692652, -0.00283637,  0.00222887,
        -0.009167  ],
       [-0.05212269, -0.00443065,  0.00031626,  0.00061474, -0.00182914,
         0.01823825]]), array([[ 0.16948037,  0.02167652,  0.02224878,  0.01365657,  0.02606628,
         0.02628854],
       [ 0.02639714,  0.00322077,  0.01503285,  0.00640332,  0.01129978,
         0.0215963 ],
       [ 0.05143966,  0.00574881,  0.0413118 ,  0.00713804,  0.01164151,
         0.01818911],
       [ 0.03510949,  0.00554803,  0.0130784 ,  0.00419811,  0.00962166,
         0.01586307],
       [ 0.04846565,  0.00581941,  0.01556725,  0.00625581,  0.01602464,
         0.020415  ],
       [ 0.06571185,  0.00616576,  0.0185707 ,  0.01002717,  0.011706  ,
         0.04964121]])], 'perf': [1.288138494035258, 0.23195294233757155]}
washington
time_init_proportion: 0.700000
time_target_absdiff: 100
MCSAMPLES: 100
takes 10194.381834 seconds
{'mu': [array([ 0.38096326, -0.10471525, -0.08595669, -0.10784721, -0.09714477,
       -0.04925927]), array([ 0.16406328,  0.04052753,  0.09680343,  0.03948432,  0.07150599,
        0.13379984])], 'theta': [array([[ 0.30885798,  0.02007349,  0.01253698,  0.01037535,  0.01599581,
         0.01829912],
       [-0.05996215, -0.00235024, -0.00722544, -0.00419764, -0.00582   ,
        -0.01312264],
       [-0.06413428, -0.0043252 ,  0.0071002 , -0.00226499, -0.00558691,
        -0.00543238],
       [-0.06967444, -0.00472674, -0.00575784, -0.00163242, -0.00483264,
        -0.00869592],
       [-0.06322493, -0.00430059, -0.00702712, -0.00290329,  0.0019933 ,
        -0.00938053],
       [-0.05179739, -0.00437072,  0.00037332,  0.000623  , -0.00174957,
         0.0183324 ]]), array([[ 0.16954395,  0.02135008,  0.02243746,  0.01364793,  0.02606651,
         0.02673873],
       [ 0.02610782,  0.00315852,  0.01516565,  0.00640805,  0.01121052,
         0.02176833],
       [ 0.05102906,  0.00560385,  0.04160932,  0.00711649,  0.01147763,
         0.01820963],
       [ 0.03515673,  0.00543751,  0.01318243,  0.00419117,  0.00946498,
         0.01594364],
       [ 0.047684  ,  0.00568545,  0.01564634,  0.00622206,  0.01534757,
         0.02047413],
       [ 0.06545091,  0.00602513,  0.01864788,  0.01002713,  0.01158983,
         0.04968522]])], 'perf': [1.2855974556096124, 0.23338127859548152]}
nytimes
time_init_proportion: 0.500000
time_target_absdiff: 100
MCSAMPLES: 100
takes 17636.001632 seconds
{'mu': [array([ 0.38818512, -0.0964117 , -0.07871688, -0.11292563, -0.10064668,
       -0.06397056]), array([ 0.15426642,  0.04750485,  0.10948028,  0.03414611,  0.072259  ,
        0.11903762])], 'theta': [array([[  3.13921402e-01,   2.42865721e-02,   1.46973600e-02,
          9.49455504e-03,   1.41550241e-02,   1.67117040e-02],
       [ -5.54952787e-02,  -2.05588532e-03,  -8.09076127e-03,
         -3.32101750e-03,  -5.21702573e-03,  -1.06104314e-02],
       [ -6.18068256e-02,  -5.30902965e-03,   1.01187686e-02,
         -1.82486645e-03,  -4.96857896e-03,  -3.64446207e-03],
       [ -7.30275804e-02,  -5.81838979e-03,  -7.13141937e-03,
         -1.73124142e-03,  -4.50895723e-03,  -7.82031630e-03],
       [ -6.68296702e-02,  -5.55316560e-03,  -8.15725794e-03,
         -2.43061038e-03,   2.25072126e-03,  -7.43702060e-03],
       [ -5.67003138e-02,  -5.55010177e-03,  -1.43662512e-03,
         -1.86819283e-04,  -1.71118698e-03,   1.28005699e-02]]), array([[ 0.16099558,  0.02478102,  0.02574996,  0.01294197,  0.02371999,
         0.02557574],
       [ 0.02909049,  0.00572799,  0.01687056,  0.00540343,  0.01128336,
         0.01879519],
       [ 0.05808599,  0.00721412,  0.04432493,  0.0067454 ,  0.01111137,
         0.01669956],
       [ 0.0319595 ,  0.00647265,  0.01512508,  0.00258325,  0.00931826,
         0.01452715],
       [ 0.04558671,  0.00677798,  0.01775673,  0.00542963,  0.01839028,
         0.01829707],
       [ 0.06217582,  0.00730202,  0.01871576,  0.00757672,  0.01095175,
         0.0409819 ]])], 'perf': [1.282756209454031, 0.22187400254489595]}
nytimes
time_init_proportion: 0.700000
time_target_absdiff: 100
MCSAMPLES: 100
takes 22694.144992 seconds
{'mu': [array([ 0.38913479, -0.09715191, -0.07864599, -0.11294141, -0.10163546,
       -0.06361321]), array([ 0.15409385,  0.04666785,  0.10947125,  0.03351242,  0.07072547,
        0.11935517])], 'theta': [array([[  3.14465708e-01,   2.40608291e-02,   1.49808040e-02,
          9.58139042e-03,   1.41575107e-02,   1.71184623e-02],
       [ -5.61119937e-02,  -2.11269934e-03,  -8.20300883e-03,
         -3.34141935e-03,  -5.17989651e-03,  -1.07768478e-02],
       [ -6.16206265e-02,  -5.22353262e-03,   1.01660066e-02,
         -1.82924473e-03,  -4.91755127e-03,  -3.69382312e-03],
       [ -7.30827488e-02,  -5.74861594e-03,  -7.25033663e-03,
         -1.77073780e-03,  -4.47845157e-03,  -7.97772420e-03],
       [ -6.71757818e-02,  -5.50131475e-03,  -8.27285602e-03,
         -2.46360202e-03,   2.06374372e-03,  -7.62778922e-03],
       [ -5.64167945e-02,  -5.47466647e-03,  -1.42054656e-03,
         -1.76386517e-04,  -1.64535826e-03,   1.29577669e-02]]), array([[ 0.16150182,  0.0244885 ,  0.02599468,  0.01294551,  0.02382086,
         0.02592718],
       [ 0.02857535,  0.00568144,  0.01697383,  0.00538535,  0.01119199,
         0.0189638 ],
       [ 0.05783088,  0.0071242 ,  0.04445435,  0.00676366,  0.01101219,
         0.01681234],
       [ 0.03186159,  0.0063877 ,  0.01525409,  0.00250461,  0.00925309,
         0.01464681],
       [ 0.04485793,  0.00668652,  0.01787231,  0.00538462,  0.01784068,
         0.01835039],
       [ 0.06205175,  0.0072016 ,  0.01885708,  0.0076044 ,  0.01087348,
         0.04118678]])], 'perf': [1.2788134691862261, 0.22279114018790502]}
