K = 20
dataset: synthetic bodyfat
time = 2.842000
{'perf': [array([  1.98431373e-02,   0.00000000e+00,   0.00000000e+00,
         4.83529412e-01,   6.03294118e-01,   5.95450980e-01,
         6.11058824e-01,   6.26980392e-01,   7.10196078e-01,
         6.15058824e-01,   4.83529412e-01,   6.03294118e-01,
         5.95450980e-01,   6.11058824e-01,   6.26980392e-01,
         7.10196078e-01,   6.15058824e-01,   5.04000000e+01,
         5.04000000e+01,   5.04000000e+01,   5.04000000e+01,
         5.04000000e+01,   5.04000000e+01,   5.04000000e+01,
         0.00000000e+00,   6.00616607e-01,   2.30506069e-01,
                    nan,   4.93696022e-01,   4.03914282e-01,
         6.20774827e-01,   4.63280822e-01,   4.07668737e-01,
         6.36667228e-01,   7.05524258e-01,              nan,
         5.73806366e-01,   7.09908907e-01,   5.52116402e-01,
         4.70573702e-01,   6.84424603e-01,   6.65633479e-01,
         6.11490464e-01,              nan,   6.72905608e-01,
         5.11445834e-01,   4.95840816e-01,   6.31026284e-01,
         6.42343799e-01,   5.99515340e-01,   5.40015157e-01,
                    nan,   5.92619048e-01,   4.46732601e-01,
         6.96146310e-01,   6.82567708e-01,   5.66033966e-01,
         5.79587302e-01,   6.63846154e-01,              nan,
         4.93309115e-01,   6.79642797e-01,   8.15378575e-01,
         7.01543284e-01,   7.28237724e-01,   6.61850448e-01,
         6.68267448e-01,              nan,   7.79795492e-01,
         6.64960409e-01,   6.13279168e-01,   5.66153846e-01,
         6.21264368e-01,   6.10630442e-01,   4.83507900e-01,
                    nan,   0.00000000e+00,   2.60000000e+01,
         2.38000000e+01,   2.58000000e+01,   2.64000000e+01,
         2.22000000e+01,   2.48000000e+01,   2.44000000e+01,
         0.00000000e+00,   2.46000000e+01,   2.60000000e+01,
         2.64000000e+01,   2.38000000e+01,   2.48000000e+01,
         2.66000000e+01,   2.58000000e+01,   0.00000000e+00,
         2.68000000e+01,   2.54000000e+01,   2.44000000e+01,
         2.40000000e+01,   2.46000000e+01,   2.44000000e+01,
         2.36000000e+01,   0.00000000e+00,   2.44000000e+01,
         2.50000000e+01,   2.50000000e+01,   2.40000000e+01,
         2.40000000e+01,   2.50000000e+01,   2.60000000e+01,
         0.00000000e+00,   2.44000000e+01,   2.64000000e+01,
         2.82000000e+01,   2.66000000e+01,   2.60000000e+01,
         2.54000000e+01,   2.60000000e+01,   0.00000000e+00,
         2.74000000e+01,   2.56000000e+01,   2.56000000e+01,
         2.64000000e+01,   2.54000000e+01,   2.40000000e+01,
         2.30000000e+01,   0.00000000e+00,   5.91364022e-01]), array([ 0.01265057,  0.        ,  0.        ,  0.0739679 ,  0.04047591,
        0.05056762,  0.04322373,  0.05393171,  0.05339558,  0.0626404 ,
        0.0739679 ,  0.04047591,  0.05056762,  0.04322373,  0.05393171,
        0.05339558,  0.0626404 ,  0.48989795,  0.48989795,  0.48989795,
        0.48989795,  0.48989795,  0.48989795,  0.48989795,  0.        ,
        0.015362  ,  0.04132264,         nan,  0.07500325,  0.08326187,
        0.08763933,  0.08884345,  0.1048949 ,  0.08502737,  0.04895944,
               nan,  0.04537457,  0.10827664,  0.06229279,  0.02428605,
        0.09110924,  0.094357  ,  0.02871996,         nan,  0.09705008,
        0.07921884,  0.0795704 ,  0.07565434,  0.05777217,  0.05794363,
        0.03372988,         nan,  0.10380625,  0.06732408,  0.08552879,
        0.0638766 ,  0.07782814,  0.06274406,  0.0464973 ,         nan,
        0.13154407,  0.04657756,  0.0764692 ,  0.04144152,  0.04712839,
        0.13041903,  0.08501152,         nan,  0.07052129,  0.06797906,
        0.02942376,  0.10883926,  0.05832211,  0.04355781,  0.10401119,
               nan,  0.        ,  4.14728827,  1.46969385,  2.22710575,
        1.74355958,  2.31516738,  1.72046505,  4.54312668,  0.        ,
        1.74355958,  5.09901951,  4.45421149,  2.78567766,  5.30659966,
        1.356466  ,  1.6       ,  0.        ,  2.71293199,  1.0198039 ,
        2.05912603,  3.74165739,  2.41660919,  4.7581509 ,  2.87054002,
        0.        ,  1.62480768,  1.78885438,  2.0976177 ,  2.        ,
        4.33589668,  1.09544512,  1.78885438,  0.        ,  2.72763634,
        5.0039984 ,  2.63818119,  2.57681975,  1.8973666 ,  2.15406592,
        2.60768096,  0.        ,  1.8547237 ,  1.74355958,  5.08330601,
        3.49857114,  1.74355958,  4.89897949,  1.67332005,  0.        ,
        0.02259212])]}
