dataset: synthetic bodyfat
{'perf': [array([  8.00000000e-03,   0.00000000e+00,   0.00000000e+00,
         5.83294118e-01,   5.32313725e-01,   5.95058824e-01,
         5.47529412e-01,   5.59843137e-01,   6.39294118e-01,
         6.42666667e-01,   5.83294118e-01,   5.32313725e-01,
         5.95058824e-01,   5.47529412e-01,   5.59843137e-01,
         6.39294118e-01,   6.42666667e-01,   5.04000000e+01,
         5.04000000e+01,   5.04000000e+01,   5.04000000e+01,
         5.04000000e+01,   5.04000000e+01,   5.04000000e+01,
         0.00000000e+00,   5.73042005e-01,   1.03529412e-01,
                    nan,   6.43160845e-01,   3.84231389e-01,
         6.48679792e-01,   6.36578788e-01,   4.00186335e-01,
         5.24368448e-01,   4.20867748e-01,              nan,
         5.37435266e-01,   6.29455435e-01,   6.35233285e-01,
         4.77230264e-01,   5.24702381e-01,   5.84423610e-01,
         5.75769862e-01,              nan,   6.30159991e-01,
         5.65684252e-01,   4.70108078e-01,   4.91068269e-01,
         5.77794364e-01,   5.13378506e-01,   4.63843628e-01,
                    nan,   5.32714286e-01,   4.88380952e-01,
         5.51017737e-01,   5.18300781e-01,   4.42973693e-01,
         5.30529101e-01,   5.70769231e-01,              nan,
         4.12518741e-01,   6.00507553e-01,   6.57746415e-01,
         6.01985371e-01,   5.84345243e-01,   6.08238600e-01,
         6.77022903e-01,              nan,   5.99484998e-01,
         6.55708812e-01,   5.98515591e-01,   5.98945055e-01,
         5.47249589e-01,   5.50749697e-01,   4.80626781e-01,
                    nan,   0.00000000e+00,   2.60000000e+01,
         2.38000000e+01,   2.58000000e+01,   2.64000000e+01,
         2.22000000e+01,   2.48000000e+01,   2.44000000e+01,
         0.00000000e+00,   2.46000000e+01,   2.60000000e+01,
         2.64000000e+01,   2.38000000e+01,   2.48000000e+01,
         2.66000000e+01,   2.58000000e+01,   0.00000000e+00,
         2.68000000e+01,   2.54000000e+01,   2.44000000e+01,
         2.40000000e+01,   2.46000000e+01,   2.44000000e+01,
         2.36000000e+01,   0.00000000e+00,   2.44000000e+01,
         2.50000000e+01,   2.50000000e+01,   2.40000000e+01,
         2.40000000e+01,   2.50000000e+01,   2.60000000e+01,
         0.00000000e+00,   2.44000000e+01,   2.64000000e+01,
         2.82000000e+01,   2.66000000e+01,   2.60000000e+01,
         2.54000000e+01,   2.60000000e+01,   0.00000000e+00,
         2.74000000e+01,   2.56000000e+01,   2.56000000e+01,
         2.64000000e+01,   2.54000000e+01,   2.40000000e+01,
         2.30000000e+01,   0.00000000e+00,   5.19982788e-01]), array([ 0.00979796,  0.        ,  0.        ,  0.08362182,  0.17744058,
        0.11495364,  0.06157157,  0.07292878,  0.13625888,  0.1309119 ,
        0.08362182,  0.17744058,  0.11495364,  0.06157157,  0.07292878,
        0.13625888,  0.1309119 ,  0.48989795,  0.48989795,  0.48989795,
        0.48989795,  0.48989795,  0.48989795,  0.48989795,  0.        ,
        0.0115199 ,  0.04645341,         nan,  0.12599793,  0.10305303,
        0.0858006 ,  0.09936038,  0.14106866,  0.11276714,  0.22448961,
               nan,  0.13273177,  0.1335793 ,  0.110879  ,  0.23911449,
        0.15561691,  0.12289099,  0.08144696,         nan,  0.07546145,
        0.13171703,  0.22137346,  0.14012209,  0.2006318 ,  0.16557761,
        0.24838302,         nan,  0.16049721,  0.05961956,  0.06530544,
        0.10374042,  0.06644984,  0.10579518,  0.13392963,         nan,
        0.16712238,  0.11876739,  0.16110434,  0.21356165,  0.17983982,
        0.10020627,  0.19020049,         nan,  0.08839374,  0.08950034,
        0.1530389 ,  0.17016584,  0.11146877,  0.14678343,  0.07972445,
               nan,  0.        ,  4.14728827,  1.46969385,  2.22710575,
        1.74355958,  2.31516738,  1.72046505,  4.54312668,  0.        ,
        1.74355958,  5.09901951,  4.45421149,  2.78567766,  5.30659966,
        1.356466  ,  1.6       ,  0.        ,  2.71293199,  1.0198039 ,
        2.05912603,  3.74165739,  2.41660919,  4.7581509 ,  2.87054002,
        0.        ,  1.62480768,  1.78885438,  2.0976177 ,  2.        ,
        4.33589668,  1.09544512,  1.78885438,  0.        ,  2.72763634,
        5.0039984 ,  2.63818119,  2.57681975,  1.8973666 ,  2.15406592,
        2.60768096,  0.        ,  1.8547237 ,  1.74355958,  5.08330601,
        3.49857114,  1.74355958,  4.89897949,  1.67332005,  0.        ,
        0.01987236])]}
dataset: synthetic wisconsin
{'perf': [array([  3.09041835e-02,   0.00000000e+00,   0.00000000e+00,
         3.02699055e-01,   3.33468286e-01,   4.11201080e-01,
         3.96356275e-01,   4.58299595e-01,   5.56005398e-01,
         5.50877193e-01,   5.97300945e-01,   5.46423752e-01,
         6.08232119e-01,   6.65317139e-01,   6.70040486e-01,
         6.80971660e-01,   7.07557355e-01,   7.28070175e-01,
         6.82051282e-01,   3.02699055e-01,   3.33468286e-01,
         4.11201080e-01,   3.96356275e-01,   4.58299595e-01,
         5.56005398e-01,   5.50877193e-01,   5.97300945e-01,
         5.46423752e-01,   6.08232119e-01,   6.65317139e-01,
         6.70040486e-01,   6.80971660e-01,   7.07557355e-01,
         7.28070175e-01,   6.82051282e-01,   3.88000000e+01,
         3.88000000e+01,   3.88000000e+01,   3.88000000e+01,
         3.88000000e+01,   3.88000000e+01,   3.88000000e+01,
         3.88000000e+01,   3.88000000e+01,   3.88000000e+01,
         3.88000000e+01,   3.88000000e+01,   3.88000000e+01,
         3.88000000e+01,   3.88000000e+01,   3.88000000e+01,
         0.00000000e+00,   4.94168371e-01,   2.32181736e-01,
                    nan,   3.38986928e-01,   3.51552795e-01,
         4.06842105e-01,   3.25406699e-01,   4.24575191e-01,
         4.61859649e-01,   4.33842628e-01,   4.30412824e-01,
         3.32282828e-01,   3.76558704e-01,   3.57953216e-01,
         3.57800718e-01,   3.55232284e-01,   3.50526316e-01,
         3.79427200e-01,   6.94889016e-01,              nan,
         3.51713453e-01,   3.81042349e-01,   3.08125208e-01,
         4.12799662e-01,   4.21721332e-01,   4.02411028e-01,
         4.32680615e-01,   3.54906528e-01,   3.88656029e-01,
         3.79597744e-01,   3.70900966e-01,   3.59415205e-01,
         3.73152578e-01,   3.49618997e-01,   7.66110566e-01,
         7.33969228e-01,              nan,   3.84648160e-01,
         3.78837388e-01,   4.33454545e-01,   4.80205487e-01,
         4.03963317e-01,   4.32614668e-01,   3.16801723e-01,
         4.17247475e-01,   3.79963370e-01,   3.80176768e-01,
         3.61796537e-01,   4.04444444e-01,   3.34269006e-01,
         7.25826341e-01,   7.44106061e-01,   6.67449875e-01,
                    nan,   3.41001401e-01,   4.27016563e-01,
         4.14492754e-01,   3.93126294e-01,   4.31523810e-01,
         3.88957688e-01,   3.92055742e-01,   4.01381988e-01,
         3.68159983e-01,   3.83268542e-01,   3.75126263e-01,
         3.45314241e-01,   7.27329193e-01,   7.47767269e-01,
         7.38596399e-01,   7.56373451e-01,              nan,
         4.59406538e-01,   4.45361882e-01,   4.55732332e-01,
         4.62283550e-01,   3.37563749e-01,   3.84908964e-01,
         3.04830918e-01,   3.68081261e-01,   3.67411765e-01,
         3.99478381e-01,   4.02771752e-01,   8.33541211e-01,
         8.41618319e-01,   8.33906290e-01,   8.79697092e-01,
         8.68281718e-01,              nan,   4.93311688e-01,
         4.23889559e-01,   5.07650350e-01,   5.35166605e-01,
         4.86058783e-01,   5.35053373e-01,   4.87693852e-01,
         5.06937452e-01,   5.34578129e-01,   4.19216222e-01,
         7.84388508e-01,   7.86275362e-01,   8.13337662e-01,
         7.56839827e-01,   8.14245524e-01,   8.00239730e-01,
                    nan,   4.44920635e-01,   4.51237778e-01,
         4.50997494e-01,   4.55835934e-01,   4.82713404e-01,
         4.21038961e-01,   4.30202020e-01,   4.94438171e-01,
         4.26061652e-01,   8.44688645e-01,   8.40644479e-01,
         8.14095928e-01,   8.41380960e-01,   8.60143190e-01,
         7.23962312e-01,   8.80311688e-01,              nan,
         3.59740260e-01,   5.32016103e-01,   4.88328514e-01,
         5.31349817e-01,   4.81129254e-01,   5.02669173e-01,
         5.40845936e-01,   4.22001995e-01,   8.36659079e-01,
         8.33549536e-01,   7.86456229e-01,   8.75252648e-01,
         8.63544974e-01,   7.47722247e-01,   8.53571429e-01,
         7.31674877e-01,              nan,   5.12518519e-01,
         4.91926397e-01,   5.33885178e-01,   4.68326087e-01,
         4.94422116e-01,   5.27294927e-01,   4.04563653e-01,
         7.98240981e-01,   7.99639308e-01,   8.11554069e-01,
         8.21000000e-01,   7.97345650e-01,   8.46567659e-01,
         8.52915804e-01,   8.48070927e-01,   8.27958937e-01,
                    nan,   3.99591150e-01,   4.47978355e-01,
         3.78888452e-01,   4.01921216e-01,   4.04132376e-01,
         4.38084930e-01,   9.06246114e-01,   8.06641333e-01,
         8.65660414e-01,   8.70521031e-01,   8.24916409e-01,
         8.48764665e-01,   7.84280018e-01,   8.40306905e-01,
         8.58617182e-01,   6.39164784e-01,              nan,
         3.80445931e-01,   3.61487414e-01,   3.74424242e-01,
         3.35246879e-01,   3.96560105e-01,   7.68935927e-01,
         8.73530114e-01,   8.09796791e-01,   8.46195772e-01,
         7.71666667e-01,   8.43085003e-01,   8.68149821e-01,
         8.07376023e-01,   8.26327094e-01,   7.20832384e-01,
         6.34512097e-01,              nan,   3.24803156e-01,
         3.55060729e-01,   4.41496732e-01,   3.72150997e-01,
         7.70164835e-01,   7.18981481e-01,   8.49582568e-01,
         7.76244905e-01,   7.69993197e-01,   8.04185990e-01,
         8.36570676e-01,   8.05375959e-01,   8.08221753e-01,
         7.66271100e-01,   7.69242424e-01,   7.88196147e-01,
                    nan,   4.20634921e-01,   4.61787879e-01,
         4.25407407e-01,   7.82324675e-01,   7.70358759e-01,
         7.92592593e-01,   8.38993683e-01,   7.49883450e-01,
         8.26493886e-01,   8.40113872e-01,   8.54515406e-01,
         8.54761905e-01,   6.80768588e-01,   7.48376812e-01,
         7.62500000e-01,   7.26055138e-01,              nan,
         3.30610968e-01,   3.55502227e-01,   8.39890160e-01,
         8.09485413e-01,   8.19639207e-01,   8.29059572e-01,
         8.93813246e-01,   8.37738095e-01,   8.32137161e-01,
         8.39943978e-01,   8.72899160e-01,   6.57345714e-01,
         7.09601732e-01,   8.00065403e-01,   7.70225927e-01,
         7.03626787e-01,              nan,   4.33478266e-01,
         7.17000000e-01,   7.41761905e-01,   7.56443024e-01,
         6.56844877e-01,   7.87109820e-01,   7.10662526e-01,
         7.21054018e-01,   7.16352814e-01,   6.94068922e-01,
         6.62325397e-01,   7.61309524e-01,   7.12663227e-01,
         7.10914823e-01,   6.73826840e-01,   7.28458647e-01,
                    nan,   0.00000000e+00,   2.04000000e+01,
         2.06000000e+01,   1.96000000e+01,   1.84000000e+01,
         1.82000000e+01,   1.96000000e+01,   1.84000000e+01,
         1.88000000e+01,   1.88000000e+01,   1.86000000e+01,
         1.90000000e+01,   1.90000000e+01,   1.84000000e+01,
         1.82000000e+01,   1.98000000e+01,   1.84000000e+01,
         0.00000000e+00,   1.94000000e+01,   1.90000000e+01,
         2.02000000e+01,   1.78000000e+01,   1.78000000e+01,
         1.80000000e+01,   1.76000000e+01,   1.82000000e+01,
         1.86000000e+01,   1.90000000e+01,   2.10000000e+01,
         1.90000000e+01,   1.80000000e+01,   1.96000000e+01,
         1.82000000e+01,   1.94000000e+01,   0.00000000e+00,
         2.00000000e+01,   1.84000000e+01,   1.88000000e+01,
         1.84000000e+01,   1.80000000e+01,   1.98000000e+01,
         1.72000000e+01,   1.82000000e+01,   1.92000000e+01,
         1.76000000e+01,   1.74000000e+01,   1.80000000e+01,
         1.94000000e+01,   1.92000000e+01,   1.98000000e+01,
         1.88000000e+01,   0.00000000e+00,   1.80000000e+01,
         1.90000000e+01,   1.94000000e+01,   1.88000000e+01,
         1.94000000e+01,   1.68000000e+01,   1.68000000e+01,
         1.88000000e+01,   1.76000000e+01,   1.84000000e+01,
         1.76000000e+01,   2.04000000e+01,   2.04000000e+01,
         1.86000000e+01,   2.04000000e+01,   2.08000000e+01,
         0.00000000e+00,   1.80000000e+01,   1.88000000e+01,
         1.90000000e+01,   1.84000000e+01,   1.86000000e+01,
         1.78000000e+01,   1.80000000e+01,   1.96000000e+01,
         1.82000000e+01,   1.76000000e+01,   1.98000000e+01,
         2.06000000e+01,   2.10000000e+01,   2.00000000e+01,
         1.98000000e+01,   2.08000000e+01,   0.00000000e+00,
         1.94000000e+01,   2.26000000e+01,   2.26000000e+01,
         2.12000000e+01,   2.24000000e+01,   2.18000000e+01,
         2.04000000e+01,   2.02000000e+01,   2.34000000e+01,
         1.88000000e+01,   1.92000000e+01,   2.10000000e+01,
         2.04000000e+01,   1.94000000e+01,   2.00000000e+01,
         1.94000000e+01,   0.00000000e+00,   1.86000000e+01,
         1.98000000e+01,   1.90000000e+01,   1.96000000e+01,
         1.90000000e+01,   1.86000000e+01,   1.88000000e+01,
         2.04000000e+01,   2.02000000e+01,   2.04000000e+01,
         2.08000000e+01,   2.08000000e+01,   2.00000000e+01,
         1.98000000e+01,   1.62000000e+01,   2.02000000e+01,
         0.00000000e+00,   1.76000000e+01,   2.10000000e+01,
         2.18000000e+01,   2.12000000e+01,   2.04000000e+01,
         2.00000000e+01,   2.32000000e+01,   1.88000000e+01,
         2.00000000e+01,   2.12000000e+01,   1.90000000e+01,
         1.94000000e+01,   2.04000000e+01,   1.62000000e+01,
         1.90000000e+01,   2.12000000e+01,   0.00000000e+00,
         2.00000000e+01,   2.18000000e+01,   2.18000000e+01,
         1.96000000e+01,   1.98000000e+01,   2.24000000e+01,
         1.84000000e+01,   2.00000000e+01,   2.06000000e+01,
         2.16000000e+01,   2.20000000e+01,   2.02000000e+01,
         1.76000000e+01,   1.98000000e+01,   1.78000000e+01,
         1.88000000e+01,   0.00000000e+00,   2.04000000e+01,
         2.04000000e+01,   1.92000000e+01,   2.04000000e+01,
         1.86000000e+01,   2.08000000e+01,   2.02000000e+01,
         2.02000000e+01,   2.06000000e+01,   2.20000000e+01,
         2.10000000e+01,   1.64000000e+01,   1.92000000e+01,
         1.70000000e+01,   1.70000000e+01,   1.84000000e+01,
         0.00000000e+00,   2.02000000e+01,   1.88000000e+01,
         1.90000000e+01,   1.90000000e+01,   1.92000000e+01,
         1.98000000e+01,   1.98000000e+01,   1.96000000e+01,
         2.00000000e+01,   2.08000000e+01,   1.70000000e+01,
         1.98000000e+01,   1.76000000e+01,   1.70000000e+01,
         1.84000000e+01,   1.86000000e+01,   0.00000000e+00,
         1.80000000e+01,   1.84000000e+01,   1.88000000e+01,
         2.02000000e+01,   1.98000000e+01,   1.78000000e+01,
         2.12000000e+01,   2.12000000e+01,   1.92000000e+01,
         1.84000000e+01,   2.02000000e+01,   1.84000000e+01,
         1.92000000e+01,   1.96000000e+01,   2.00000000e+01,
         2.08000000e+01,   0.00000000e+00,   2.02000000e+01,
         2.06000000e+01,   2.08000000e+01,   2.04000000e+01,
         1.98000000e+01,   2.14000000e+01,   2.04000000e+01,
         2.06000000e+01,   1.86000000e+01,   2.00000000e+01,
         1.88000000e+01,   1.90000000e+01,   1.84000000e+01,
         1.98000000e+01,   2.04000000e+01,   1.86000000e+01,
         0.00000000e+00,   1.94000000e+01,   2.04000000e+01,
         2.06000000e+01,   2.08000000e+01,   2.08000000e+01,
         2.12000000e+01,   2.12000000e+01,   1.54000000e+01,
         1.84000000e+01,   1.56000000e+01,   1.64000000e+01,
         2.02000000e+01,   1.98000000e+01,   2.00000000e+01,
         1.82000000e+01,   1.94000000e+01,   0.00000000e+00,
         2.06000000e+01,   1.90000000e+01,   1.92000000e+01,
         1.94000000e+01,   1.84000000e+01,   1.90000000e+01,
         2.00000000e+01,   1.86000000e+01,   2.00000000e+01,
         2.04000000e+01,   1.80000000e+01,   1.96000000e+01,
         1.86000000e+01,   1.80000000e+01,   1.84000000e+01,
         1.82000000e+01,   0.00000000e+00,   4.80086736e-01]), array([ 0.02509686,  0.        ,  0.        ,  0.2544107 ,  0.20684187,
        0.16486655,  0.07494874,  0.07615737,  0.18933637,  0.0833191 ,
        0.15128344,  0.07677188,  0.05706699,  0.07647429,  0.11863262,
        0.13342345,  0.17187261,  0.19416041,  0.26774928,  0.2544107 ,
        0.20684187,  0.16486655,  0.07494874,  0.07615737,  0.18933637,
        0.0833191 ,  0.15128344,  0.07677188,  0.05706699,  0.07647429,
        0.11863262,  0.13342345,  0.17187261,  0.19416041,  0.26774928,
        0.4       ,  0.4       ,  0.4       ,  0.4       ,  0.4       ,
        0.4       ,  0.4       ,  0.4       ,  0.4       ,  0.4       ,
        0.4       ,  0.4       ,  0.4       ,  0.4       ,  0.4       ,
        0.4       ,  0.        ,  0.08430086,  0.16729361,         nan,
        0.24522092,  0.26165711,  0.29948563,  0.22937683,  0.30565759,
        0.34720105,  0.31117687,  0.31324237,  0.24543402,  0.26192866,
        0.2634262 ,  0.25049231,  0.25279405,  0.25909412,  0.27606486,
        0.21302639,         nan,  0.25214392,  0.28062707,  0.22086973,
        0.30291889,  0.30392545,  0.29398628,  0.31117077,  0.26877172,
        0.27359393,  0.27092652,  0.28038638,  0.25611299,  0.26580454,
        0.25140198,  0.16544678,  0.17945745,         nan,  0.28287202,
        0.27210279,  0.31272348,  0.36037192,  0.29574259,  0.31516236,
        0.2249585 ,  0.30789363,  0.28052132,  0.27272271,  0.25418697,
        0.29821278,  0.26432199,  0.19115312,  0.17961882,  0.23837826,
               nan,  0.23708227,  0.29800506,  0.30867725,  0.27238929,
        0.30019743,  0.31223203,  0.26875259,  0.28250435,  0.25434139,
        0.26647962,  0.26344339,  0.24918753,  0.19008151,  0.16200873,
        0.18234122,  0.16363091,         nan,  0.33731816,  0.33541577,
        0.33462525,  0.33649393,  0.23876455,  0.29676925,  0.21541452,
        0.26385434,  0.25947021,  0.2793037 ,  0.29707962,  0.10987083,
        0.10487561,  0.10580535,  0.0743118 ,  0.08969005,         nan,
        0.36841477,  0.31280424,  0.38441618,  0.4055157 ,  0.3667451 ,
        0.40030445,  0.35935549,  0.38490183,  0.40605735,  0.32571977,
        0.15426611,  0.15268206,  0.1369563 ,  0.16676365,  0.12524381,
        0.14141625,         nan,  0.33162056,  0.33858284,  0.35252824,
        0.33232049,  0.35678972,  0.30594398,  0.3095086 ,  0.37673446,
        0.31382435,  0.10365084,  0.10396272,  0.11516539,  0.10881843,
        0.09721025,  0.18017342,  0.07621551,         nan,  0.25003289,
        0.40247098,  0.37082553,  0.3985284 ,  0.35370679,  0.37318024,
        0.41055164,  0.339328  ,  0.09968257,  0.10716178,  0.13491698,
        0.07943346,  0.09578645,  0.16502368,  0.09571902,  0.18739226,
               nan,  0.38522253,  0.36784538,  0.40072143,  0.34063864,
        0.37090439,  0.39793973,  0.30761383,  0.13477919,  0.14786136,
        0.15076093,  0.11784924,  0.1404117 ,  0.08529246,  0.09742127,
        0.08713942,  0.10741095,         nan,  0.29741835,  0.32910265,
        0.26515224,  0.29745375,  0.29250071,  0.32579076,  0.04881773,
        0.15961229,  0.08926058,  0.07891359,  0.12650325,  0.08718766,
        0.15528858,  0.09083765,  0.07613473,  0.26589956,         nan,
        0.27594815,  0.25834991,  0.26986774,  0.24366227,  0.29227622,
        0.15798282,  0.07436445,  0.13343103,  0.13358827,  0.15636851,
        0.09786874,  0.07238425,  0.12147807,  0.10808454,  0.19690566,
        0.26298931,         nan,  0.23050967,  0.25782068,  0.33150299,
        0.27704465,  0.16391348,  0.20359635,  0.10687406,  0.16990235,
        0.15939462,  0.12514067,  0.09873119,  0.1343819 ,  0.12658606,
        0.21071148,  0.15003795,  0.13863731,         nan,  0.31522776,
        0.35271463,  0.32336872,  0.14790514,  0.15810256,  0.14246075,
        0.10533227,  0.18054151,  0.1063431 ,  0.10041093,  0.08114809,
        0.08980361,  0.22560386,  0.17067479,  0.161159  ,  0.18613334,
               nan,  0.23707025,  0.25903903,  0.11337568,  0.13178912,
        0.11519749,  0.11075209,  0.0616706 ,  0.08795645,  0.108728  ,
        0.08743259,  0.0784443 ,  0.24222345,  0.21199474,  0.11952499,
        0.16638061,  0.21162418,         nan,  0.32742665,  0.20135417,
        0.17384094,  0.18475911,  0.25732298,  0.14321304,  0.19087242,
        0.18638371,  0.18716056,  0.20825308,  0.23407137,  0.17024642,
        0.19333947,  0.19227566,  0.24215738,  0.18132708,         nan,
        0.        ,  3.49857114,  1.8547237 ,  2.05912603,  1.356466  ,
        2.13541565,  2.41660919,  1.74355958,  1.72046505,  2.63818119,
        3.92937654,  2.52982213,  3.03315018,  1.74355958,  2.03960781,
        3.86781592,  3.2       ,  0.        ,  2.87054002,  2.75680975,
        2.03960781,  2.31516738,  1.72046505,  3.2249031 ,  2.65329983,
        3.18747549,  3.72021505,  3.28633535,  3.74165739,  2.52982213,
        1.41421356,  3.13687743,  1.72046505,  3.00665928,  0.        ,
        2.96647939,  2.65329983,  3.24961536,  1.8547237 ,  3.03315018,
        3.31058907,  2.22710575,  3.12409987,  2.63818119,  2.93938769,
        2.8       ,  2.19089023,  3.00665928,  2.31516738,  3.12409987,
        3.05941171,  0.        ,  3.03315018,  4.69041576,  0.8       ,
        3.65513338,  4.92341345,  1.72046505,  3.31058907,  2.78567766,
        2.72763634,  3.2       ,  2.93938769,  2.87054002,  1.2       ,
        2.41660919,  2.41660919,  2.78567766,  0.        ,  1.78885438,
        3.31058907,  2.0976177 ,  2.24499443,  2.72763634,  2.92574777,
        2.44948974,  3.92937654,  3.05941171,  3.61109402,  1.72046505,
        2.41660919,  2.60768096,  3.52136337,  4.70744092,  1.93907194,
        0.        ,  1.49666295,  3.2       ,  1.49666295,  2.92574777,
        3.49857114,  4.4       ,  3.55527777,  2.31516738,  3.26190129,
        4.26145515,  2.22710575,  1.67332005,  1.8547237 ,  0.8       ,
        3.09838668,  1.49666295,  0.        ,  1.49666295,  1.46969385,
        2.0976177 ,  1.8547237 ,  1.41421356,  0.8       ,  1.6       ,
        1.0198039 ,  2.63818119,  1.8547237 ,  3.54400903,  3.31058907,
        3.63318042,  2.22710575,  2.92574777,  1.46969385,  0.        ,
        3.2       ,  2.75680975,  3.6       ,  4.26145515,  3.49857114,
        2.19089023,  3.18747549,  3.7094474 ,  2.        ,  2.92574777,
        3.57770876,  4.92341345,  2.41660919,  1.6       ,  1.54919334,
        3.37045991,  0.        ,  3.40587727,  3.18747549,  4.16653333,
        3.26190129,  2.92574777,  3.87814389,  4.02988834,  2.44948974,
        2.93938769,  2.05912603,  1.54919334,  2.63818119,  2.72763634,
        2.13541565,  2.56124969,  3.18747549,  0.        ,  2.41660919,
        1.8547237 ,  3.05941171,  2.15406592,  3.00665928,  2.78567766,
        3.86781592,  3.65513338,  3.13687743,  3.28633535,  3.03315018,
        3.2       ,  1.72046505,  3.34664011,  2.89827535,  2.41660919,
        0.        ,  3.76297754,  1.83303028,  2.36643191,  1.67332005,
        3.42928564,  2.31516738,  3.18747549,  2.57681975,  2.44948974,
        2.31516738,  4.04969135,  1.16619038,  3.92937654,  3.84707681,
        1.62480768,  3.38230691,  0.        ,  2.60768096,  2.8       ,
        3.18747549,  4.4       ,  2.85657137,  3.81575681,  2.85657137,
        2.63818119,  3.81575681,  3.26190129,  0.74833148,  3.2       ,
        2.92574777,  2.8       ,  1.78885438,  2.85657137,  0.        ,
        2.4       ,  1.74355958,  3.31058907,  1.8547237 ,  2.78567766,
        2.93938769,  3.00665928,  3.0724583 ,  2.15406592,  1.26491106,
        1.93907194,  2.68328157,  2.05912603,  2.48193473,  3.2       ,
        2.33238076,  0.        ,  2.4979992 ,  3.26190129,  1.95959179,
        1.32664992,  2.03960781,  2.71293199,  3.42928564,  3.00665928,
        1.0198039 ,  2.93938769,  3.55527777,  2.92574777,  1.72046505,
        3.40587727,  1.72046505,  2.41660919,  0.        ,  2.72763634,
        4.09878031,  3.48711915,  3.26190129,  3.13687743,  1.8973666 ,
        4.60434577,  3.00665928,  4.        ,  4.31740663,  3.03315018,
        3.72021505,  4.63033476,  3.57770876,  3.61109402,  3.05941171,
        0.        ,  0.21548417])]}
dataset: synthetic vowel
{'perf': [array([   0.2102965 ,    0.        ,    0.        ,    0.72314465,
          0.72898473,    0.76314465,    0.70247978,    0.76325247,
          0.70449236,    0.6496496 ,    0.70068284,    0.61389039,
          0.71971249,    0.71408805,    0.72314465,    0.72898473,
          0.76314465,    0.70247978,    0.76325247,    0.70449236,
          0.6496496 ,    0.70068284,    0.61389039,    0.71971249,
          0.71408805,  105.6       ,  105.6       ,  105.6       ,
        105.6       ,  105.6       ,  105.6       ,  105.6       ,
        105.6       ,  105.6       ,  105.6       ,  105.6       ,
          0.        ,    0.70392492,    0.60255036,           nan,
          0.79489386,    0.88326251,    0.84539915,    0.88966518,
          0.84861514,    0.88269759,    0.92614688,    0.85784448,
          0.91657774,    0.81501055,    0.67072336,           nan,
          0.9177651 ,    0.87281105,    0.8794725 ,    0.87623805,
          0.87548637,    0.93448876,    0.86885126,    0.93221646,
          0.85474376,    0.56521164,    0.57011905,           nan,
          0.83789972,    0.87494592,    0.89040889,    0.84204416,
          0.93334103,    0.8702293 ,    0.92849801,    0.85450338,
          0.63588853,    0.57389427,    0.65227273,           nan,
          0.86992193,    0.87809748,    0.85707665,    0.92663085,
          0.90353421,    0.91973702,    0.75932214,    0.76147536,
          0.75987709,    0.73553926,    0.74959432,           nan,
          0.86800483,    0.90980695,    0.93444308,    0.9134024 ,
          0.92272482,    0.84540823,    0.74488393,    0.71312518,
          0.74987346,    0.68617797,    0.54315635,           nan,
          0.88782752,    0.93736001,    0.90186926,    0.92835703,
          0.86131126,    0.6675223 ,    0.63202147,    0.65822278,
          0.64732969,    0.48397436,    0.46522665,           nan,
          0.93761557,    0.86275368,    0.91325948,    0.83881096,
          0.5148125 ,    0.51452141,    0.54196126,    0.51909648,
          0.54950555,    0.55593939,    0.57542088,           nan,
          0.83026829,    0.90550616,    0.79067746,    0.58477801,
          0.58303731,    0.60623678,    0.60290953,    0.57520298,
          0.59242236,    0.54194664,    0.5823585 ,           nan,
          0.94550505,    0.80601909,    0.5352808 ,    0.56327224,
          0.61029415,    0.62304984,    0.59991924,    0.60394879,
          0.5649224 ,    0.53391035,    0.46488491,           nan,
          0.7952586 ,    0.71389668,    0.71518821,    0.71267613,
          0.68644071,    0.65769325,    0.5997445 ,    0.72756208,
          0.78935712,    0.82567785,    0.81222866,           nan,
          0.        ,   60.2       ,   83.6       ,   70.4       ,
         68.        ,   54.        ,   56.4       ,   76.        ,
         53.2       ,   69.8       ,   52.6       ,   45.4       ,
          0.        ,   90.8       ,   78.4       ,   70.4       ,
         58.2       ,   61.        ,   76.8       ,   57.8       ,
         72.4       ,   56.4       ,   22.        ,   14.8       ,
          0.        ,   72.6       ,   68.4       ,   55.6       ,
         53.        ,   72.        ,   53.8       ,   68.2       ,
         56.2       ,   35.2       ,   27.2       ,   33.        ,
          0.        ,   78.2       ,   68.        ,   62.8       ,
         73.8       ,   56.6       ,   65.6       ,   58.        ,
         37.6       ,   35.2       ,   37.2       ,   27.4       ,
          0.        ,   70.6       ,   69.6       ,   74.4       ,
         60.2       ,   68.4       ,   59.4       ,   51.6       ,
         47.4       ,   50.        ,   37.6       ,   35.        ,
          0.        ,   73.6       ,   76.8       ,   63.4       ,
         71.        ,   70.4       ,   49.2       ,   44.6       ,
         52.6       ,   42.8       ,   36.        ,   32.        ,
          0.        ,   82.4       ,   67.        ,   75.6       ,
         58.        ,   29.6       ,   28.8       ,   33.6       ,
         31.8       ,   31.2       ,   28.8       ,   23.2       ,
          0.        ,   55.6       ,   72.8       ,   46.6       ,
         52.4       ,   47.8       ,   51.8       ,   49.        ,
         45.4       ,   42.2       ,   38.6       ,   50.        ,
          0.        ,   87.        ,   59.6       ,   35.8       ,
         33.2       ,   37.4       ,   40.        ,   37.2       ,
         34.6       ,   30.        ,   32.8       ,   18.6       ,
          0.        ,   52.        ,   53.        ,   49.2       ,
         49.4       ,   47.6       ,   46.2       ,   35.2       ,
         47.6       ,   59.        ,   46.        ,   53.6       ,
          0.        ,    0.72664313]), array([ 0.05001721,  0.        ,  0.        ,  0.08923715,  0.06563819,
        0.0416461 ,  0.05184863,  0.02882549,  0.05155116,  0.02647636,
        0.07215747,  0.05718134,  0.07855347,  0.05595805,  0.08923715,
        0.06563819,  0.0416461 ,  0.05184863,  0.02882549,  0.05155116,
        0.02647636,  0.07215747,  0.05718134,  0.07855347,  0.05595805,
        0.48989795,  0.48989795,  0.48989795,  0.48989795,  0.48989795,
        0.48989795,  0.48989795,  0.48989795,  0.48989795,  0.48989795,
        0.48989795,  0.        ,  0.0132271 ,  0.08874045,         nan,
        0.06959165,  0.05343116,  0.0685429 ,  0.05873332,  0.08140155,
        0.05954702,  0.0322573 ,  0.06856748,  0.06859257,  0.08205785,
        0.07454146,         nan,  0.04605596,  0.046281  ,  0.06239571,
        0.05301312,  0.04524312,  0.03930182,  0.05942079,  0.0586699 ,
        0.05496761,  0.08614108,  0.05422668,         nan,  0.06449833,
        0.06029563,  0.07169239,  0.06350155,  0.03768026,  0.06192258,
        0.06237312,  0.05467007,  0.09094201,  0.10050886,  0.11470407,
               nan,  0.04957817,  0.0724053 ,  0.06227577,  0.03293481,
        0.05045259,  0.0481361 ,  0.09259302,  0.14869172,  0.15628129,
        0.15909705,  0.15143437,         nan,  0.0528572 ,  0.06367384,
        0.02935005,  0.0360011 ,  0.04726995,  0.06348289,  0.12023175,
        0.12435335,  0.13024612,  0.14280589,  0.13491417,         nan,
        0.0407968 ,  0.03218002,  0.05763857,  0.04639196,  0.03878771,
        0.15718087,  0.15466391,  0.14701609,  0.15935286,  0.13604921,
        0.12747671,         nan,  0.04837406,  0.06914334,  0.05855674,
        0.0727623 ,  0.16954595,  0.18833085,  0.19175182,  0.15475377,
        0.16260526,  0.19874275,  0.22050379,         nan,  0.0634622 ,
        0.05180642,  0.07949848,  0.19484888,  0.20050455,  0.21089428,
        0.18739924,  0.17867064,  0.18713486,  0.18602746,  0.19159117,
               nan,  0.03387266,  0.06201712,  0.16897569,  0.20589715,
        0.19444783,  0.16818659,  0.19843971,  0.20294661,  0.21981335,
        0.19418267,  0.2383526 ,         nan,  0.07339083,  0.10898527,
        0.11925758,  0.12222104,  0.14262148,  0.1152396 ,  0.08196357,
        0.1142001 ,  0.10433433,  0.0939664 ,  0.10211805,         nan,
        0.        ,  1.93907194,  1.95959179,  1.8547237 ,  3.34664011,
        3.34664011,  2.72763634,  3.40587727,  2.22710575,  4.83321839,
        2.65329983,  2.05912603,  0.        ,  2.48193473,  1.356466  ,
        3.92937654,  3.05941171,  4.51663592,  3.31058907,  3.31058907,
        4.12795349,  4.45421149,  1.8973666 ,  2.03960781,  0.        ,
        4.22374242,  3.2       ,  3.13687743,  3.89871774,  5.21536192,
        2.48193473,  5.87877538,  4.16653333,  2.03960781,  1.16619038,
        4.19523539,  0.        ,  3.18747549,  4.5607017 ,  4.11825206,
        3.48711915,  2.33238076,  5.27636238,  2.44948974,  3.38230691,
        3.86781592,  3.05941171,  3.2       ,  0.        ,  2.24499443,
        1.95959179,  4.8       ,  2.92574777,  5.23832034,  3.77359245,
        3.26190129,  2.8       ,  3.16227766,  4.67332858,  2.44948974,
        0.        ,  3.38230691,  3.76297754,  1.49666295,  4.28952212,
        5.08330601,  2.48193473,  4.40908154,  3.77359245,  3.96988665,
        1.67332005,  3.03315018,  0.        ,  4.12795349,  4.5607017 ,
        4.45421149,  3.68781778,  3.0724583 ,  3.05941171,  4.92341345,
        3.31058907,  4.53431362,  3.65513338,  4.16653333,  0.        ,
        6.34350061,  6.11228272,  1.49666295,  2.33238076,  3.31058907,
        2.48193473,  2.0976177 ,  2.93938769,  1.32664992,  4.49888875,
        6.29285309,  0.        ,  2.44948974,  2.24499443,  4.53431362,
        3.96988665,  5.67802783,  4.93963561,  4.95580468,  4.02988834,
        4.19523539,  5.70613705,  2.24499443,  0.        ,  3.57770876,
        2.44948974,  4.26145515,  3.97994975,  2.33238076,  4.01995025,
        5.15363949,  3.97994975,  1.78885438,  2.60768096,  3.87814389,
        0.        ,  0.07923046])]}
dataset: synthetic segment
{'perf': [array([  0.00000000e+00,   0.00000000e+00,   0.00000000e+00,
         0.00000000e+00,   7.90043290e-01,   9.43722944e-02,
         4.58874459e-01,   4.43290043e-01,   8.60173160e-01,
         1.00000000e+00,   1.00000000e-03,   7.90043290e-01,
         9.43722944e-02,   4.58874459e-01,   4.43290043e-01,
         8.60173160e-01,   1.00000000e+00,   4.62000000e+02,
         4.62000000e+02,   4.62000000e+02,   4.62000000e+02,
         4.62000000e+02,   4.62000000e+02,   4.62000000e+02,
         0.00000000e+00,   2.00351940e-01,  -4.86497629e-02,
                    nan,   2.67566607e-03,   4.20566968e-03,
         4.12785944e-03,   5.35683927e-03,   3.36291154e-03,
         2.80335061e-03,   9.89006310e-01,              nan,
         1.29876324e-02,   1.48769791e-02,   1.11475161e-02,
         1.13114119e-02,   5.47425056e-03,   9.95617357e-01,
         9.97422897e-01,              nan,   4.35249010e-03,
         6.30011351e-03,   3.12087745e-03,   2.74331192e-03,
         9.95524641e-01,   9.97489543e-01,   9.95758489e-01,
                    nan,   4.67633125e-03,   2.50521303e-03,
         2.95365529e-03,   9.96408259e-01,   9.97334594e-01,
         9.96737930e-01,   9.96024187e-01,              nan,
         3.24055801e-03,   2.74632506e-03,   9.94046326e-01,
         9.97348235e-01,   9.93104490e-01,   9.84985270e-01,
         9.93621677e-01,              nan,   4.44468889e-03,
         9.90818785e-01,   9.96448365e-01,   9.90110445e-01,
         9.92100425e-01,   9.90149682e-01,   9.95850421e-01,
                    nan,   0.00000000e+00,   3.72000000e+02,
         2.35800000e+02,   2.40400000e+02,   1.85200000e+02,
         2.95600000e+02,   3.54800000e+02,   9.00000000e+01,
         0.00000000e+00,   7.58000000e+01,   6.56000000e+01,
         8.86000000e+01,   8.68000000e+01,   1.81800000e+02,
         2.26200000e+02,   3.86200000e+02,   0.00000000e+00,
         2.28000000e+02,   1.57200000e+02,   3.18600000e+02,
         3.62600000e+02,   2.21600000e+02,   3.96400000e+02,
         2.34000000e+02,   0.00000000e+00,   2.12200000e+02,
         3.97200000e+02,   3.36800000e+02,   2.76800000e+02,
         3.73400000e+02,   3.04800000e+02,   2.49800000e+02,
         0.00000000e+00,   3.06800000e+02,   3.62200000e+02,
         1.66400000e+02,   3.75200000e+02,   1.43400000e+02,
         6.48000000e+01,   1.55200000e+02,   0.00000000e+00,
         2.23000000e+02,   1.07200000e+02,   2.80200000e+02,
         9.94000000e+01,   1.25200000e+02,   9.98000000e+01,
         2.39000000e+02,   0.00000000e+00,   6.78977806e-02]), array([  0.00000000e+00,   0.00000000e+00,   0.00000000e+00,
         0.00000000e+00,   2.03048301e-02,   9.92843718e-03,
         1.12886622e-02,   2.25524091e-02,   7.81622082e-03,
         0.00000000e+00,   0.00000000e+00,   2.03048301e-02,
         9.92843718e-03,   1.12886622e-02,   2.25524091e-02,
         7.81622082e-03,   0.00000000e+00,   0.00000000e+00,
         0.00000000e+00,   0.00000000e+00,   0.00000000e+00,
         0.00000000e+00,   0.00000000e+00,   0.00000000e+00,
         0.00000000e+00,   3.46361252e-03,   7.90256901e-03,
                    nan,   7.09183459e-05,   4.36164796e-05,
         1.00811691e-04,   2.76232330e-04,   9.46977504e-05,
         4.28818206e-05,   1.16050090e-03,              nan,
         1.30005511e-03,   1.11123493e-03,   1.09475866e-03,
         7.53849457e-04,   4.48322214e-04,   4.79962324e-05,
         5.37102499e-05,              nan,   1.43414819e-04,
         3.43379302e-04,   7.37827776e-05,   3.98051622e-05,
         1.17338367e-04,   3.23865449e-05,   1.33219520e-04,
                    nan,   1.95601589e-04,   2.25121251e-05,
         7.84144306e-05,   1.35806134e-04,   6.51426018e-05,
         9.25234935e-05,   1.29940176e-04,              nan,
         8.46665926e-05,   3.98733260e-05,   3.06814905e-04,
         4.15890697e-05,   3.47684173e-04,   8.29750204e-04,
         3.30893820e-04,              nan,   3.28697169e-05,
         4.71395637e-04,   1.64990596e-04,   5.27131548e-04,
         5.42435893e-04,   5.20695699e-04,   2.89679473e-05,
                    nan,   0.00000000e+00,   9.85900604e+00,
         2.48193473e+00,   5.88557559e+00,   1.01469207e+01,
         8.47584804e+00,   5.49181209e+00,   9.85900604e+00,
         0.00000000e+00,   8.03492377e+00,   5.12249939e+00,
         9.11262860e+00,   5.91269820e+00,   1.37753403e+01,
         2.48193473e+00,   8.03492377e+00,   0.00000000e+00,
         7.48331477e+00,   8.68101377e+00,   7.49933330e+00,
         5.31413210e+00,   5.88557559e+00,   5.12249939e+00,
         7.48331477e+00,   0.00000000e+00,   8.54166260e+00,
         3.60000000e+00,   8.90842298e+00,   1.01469207e+01,
         9.11262860e+00,   8.68101377e+00,   8.54166260e+00,
         0.00000000e+00,   8.08455317e+00,   5.30659966e+00,
         8.47584804e+00,   5.91269820e+00,   7.49933330e+00,
         3.60000000e+00,   8.08455317e+00,   0.00000000e+00,
         1.67332005e+00,   5.49181209e+00,   1.37753403e+01,
         5.31413210e+00,   8.90842298e+00,   5.30659966e+00,
         1.67332005e+00,   0.00000000e+00,   5.36090580e-04])]}
dataset: synthetic elevators
{'perf': [array([  5.17019043e-01,   0.00000000e+00,   0.00000000e+00,
         7.36189373e-01,   7.48840920e-01,   7.38838197e-01,
         8.73426348e-01,   9.21440411e-01,   8.16494608e-01,
         8.26194092e-01,   8.16494608e-01,   8.25712364e-01,
         7.36189373e-01,   7.48840920e-01,   7.38838197e-01,
         8.73426348e-01,   9.21440411e-01,   8.16494608e-01,
         8.26194092e-01,   8.16494608e-01,   8.25712364e-01,
         3.31980000e+03,   3.31980000e+03,   3.31980000e+03,
         3.31980000e+03,   3.31980000e+03,   3.31980000e+03,
         3.31980000e+03,   3.31980000e+03,   3.31980000e+03,
         0.00000000e+00,   8.09307070e-01,   7.43294057e-01,
                    nan,   4.22431046e-01,   4.22635112e-01,
         4.05625644e-01,   9.10274935e-01,   9.36278550e-01,
         9.25695038e-01,   9.36685848e-01,   4.05549127e-01,
         9.07589760e-01,              nan,   8.48284389e-01,
         4.75582690e-01,   9.10027213e-01,   9.47915385e-01,
         9.31218322e-01,   9.48218436e-01,   4.75571282e-01,
         9.07573418e-01,   8.32021546e-01,              nan,
         4.75592521e-01,   9.10027213e-01,   9.47915385e-01,
         9.31218322e-01,   9.48218436e-01,   4.75571282e-01,
         9.02190254e-01,   9.31100741e-01,   9.31114544e-01,
                    nan,   9.13931869e-01,   9.54626111e-01,
         9.32125729e-01,   9.54829571e-01,   9.79245317e-01,
         8.26006963e-01,   8.24040327e-01,   8.24040327e-01,
         8.24686313e-01,              nan,   9.92033401e-01,
         9.88848423e-01,   9.91688711e-01,   8.25918826e-01,
         8.41448486e-01,   8.65989245e-01,   8.65989245e-01,
         8.69285604e-01,   1.54959595e-02,              nan,
         1.39399774e-02,   9.99156989e-01,   8.70342232e-01,
         8.39409434e-01,   8.52109469e-01,   8.52109469e-01,
         8.51967795e-01,   2.10965746e-02,   9.90686618e-01,
                    nan,   9.92029513e-01,   8.53179471e-01,
         8.40859661e-01,   8.65393039e-01,   8.65393039e-01,
         8.68688970e-01,   1.59826074e-02,   3.33333333e-01,
         1.18385404e-02,              nan,   8.69745598e-01,
         9.01907410e-01,   9.30750109e-01,   9.30835143e-01,
         7.94121994e-01,   9.11954211e-01,   9.52522975e-01,
         9.30124453e-01,   9.52726435e-01,              nan,
         0.00000000e+00,   1.08280000e+03,   1.08320000e+03,
         1.12980000e+03,   1.99000000e+03,   1.96880000e+03,
         1.97880000e+03,   1.96880000e+03,   1.13000000e+03,
         2.23700000e+03,   0.00000000e+00,   1.29100000e+03,
         9.39600000e+02,   1.99120000e+03,   1.98660000e+03,
         1.99200000e+03,   1.98660000e+03,   9.40000000e+02,
         2.23660000e+03,   2.02880000e+03,   0.00000000e+00,
         9.39200000e+02,   1.99120000e+03,   1.98660000e+03,
         1.99200000e+03,   1.98660000e+03,   9.40000000e+02,
         2.19000000e+03,   2.38020000e+03,   2.38060000e+03,
         0.00000000e+00,   1.99540000e+03,   1.98520000e+03,
         1.99200000e+03,   1.98520000e+03,   1.64560000e+03,
         1.32980000e+03,   1.32860000e+03,   1.32860000e+03,
         1.32440000e+03,   0.00000000e+00,   2.90560000e+03,
         2.84420000e+03,   2.90540000e+03,   1.32440000e+03,
         1.35100000e+03,   1.33320000e+03,   1.33320000e+03,
         1.33460000e+03,   4.14200000e+02,   0.00000000e+00,
         1.84800000e+02,   3.31940000e+03,   1.33460000e+03,
         1.34100000e+03,   1.32780000e+03,   1.32780000e+03,
         1.32780000e+03,   4.75600000e+02,   3.13500000e+03,
         0.00000000e+00,   3.13480000e+03,   1.32780000e+03,
         1.35100000e+03,   1.33320000e+03,   1.33320000e+03,
         1.33460000e+03,   4.14400000e+02,   4.00000000e-01,
         1.85000000e+02,   0.00000000e+00,   1.33460000e+03,
         2.18980000e+03,   2.37980000e+03,   2.37980000e+03,
         1.67420000e+03,   1.99540000e+03,   1.98520000e+03,
         1.99200000e+03,   1.98520000e+03,   0.00000000e+00,
         6.17942934e-01]), array([  6.88159545e-03,   0.00000000e+00,   0.00000000e+00,
         1.14490603e-02,   9.88951448e-03,   2.78072439e-02,
         7.01952603e-03,   6.70420612e-03,   4.93154902e-03,
         4.80987638e-03,   4.78969369e-03,   8.27268096e-03,
         1.14490603e-02,   9.88951448e-03,   2.78072439e-02,
         7.01952603e-03,   6.70420612e-03,   4.93154902e-03,
         4.80987638e-03,   4.78969369e-03,   8.27268096e-03,
         4.00000000e-01,   4.00000000e-01,   4.00000000e-01,
         4.00000000e-01,   4.00000000e-01,   4.00000000e-01,
         4.00000000e-01,   4.00000000e-01,   4.00000000e-01,
         0.00000000e+00,   3.94679973e-03,   5.13810867e-03,
                    nan,   3.02912068e-02,   3.04958430e-02,
         2.76375847e-02,   5.19191653e-03,   3.63381515e-03,
         4.38034294e-03,   3.70559158e-03,   2.76230418e-02,
         1.11364853e-02,              nan,   3.19097733e-02,
         5.36775871e-02,   5.92685860e-03,   1.80262503e-03,
         3.55824119e-03,   1.99319945e-03,   5.33036098e-02,
         1.11970703e-02,   2.85015603e-02,              nan,
         5.34998472e-02,   5.92685860e-03,   1.80262503e-03,
         3.55824119e-03,   1.99319945e-03,   5.33036098e-02,
         8.72315903e-03,   9.35927421e-03,   9.57440876e-03,
                    nan,   6.67307319e-03,   3.14723457e-03,
         3.92497659e-03,   3.33903045e-03,   2.80539995e-03,
         1.11202374e-02,   1.04617917e-02,   1.04617917e-02,
         1.19409418e-02,              nan,   4.82801416e-03,
         4.55777938e-03,   4.80249261e-03,   1.26479848e-02,
         9.07417938e-03,   8.18668253e-03,   8.18668253e-03,
         9.27767792e-03,   8.79101458e-03,              nan,
         4.35662072e-03,   5.51939451e-04,   9.96923567e-03,
         9.75288175e-03,   7.46489413e-03,   7.46489413e-03,
         7.23631724e-03,   8.55498786e-03,   2.24344048e-03,
                    nan,   2.70550341e-03,   8.01038912e-03,
         8.80451059e-03,   7.99948941e-03,   7.99948941e-03,
         9.04894987e-03,   9.06363726e-03,   0.00000000e+00,
         6.33314881e-03,              nan,   9.73959467e-03,
         8.85181241e-03,   9.02967167e-03,   9.09460468e-03,
         1.47780528e-02,   9.00340050e-03,   5.80804526e-03,
         4.57463584e-03,   5.96870280e-03,              nan,
         0.00000000e+00,   2.61640975e+01,   2.60261407e+01,
         2.58874487e+01,   1.94010309e+01,   1.76113600e+01,
         1.46615142e+01,   1.76113600e+01,   2.56593063e+01,
         2.58843582e+01,   0.00000000e+00,   1.10272390e+01,
         1.70011764e+01,   1.89145447e+01,   1.77380946e+01,
         1.82756669e+01,   1.77380946e+01,   1.69115345e+01,
         2.57417948e+01,   1.12142766e+01,   0.00000000e+00,
         1.71043854e+01,   1.89145447e+01,   1.77380946e+01,
         1.82756669e+01,   1.77380946e+01,   1.69115345e+01,
         2.56982490e+01,   1.67618615e+01,   1.68712774e+01,
         0.00000000e+00,   2.00658915e+01,   1.89673404e+01,
         1.81548891e+01,   1.89673404e+01,   2.15925913e+01,
         1.92187409e+01,   1.87467330e+01,   1.87467330e+01,
         1.99158229e+01,   0.00000000e+00,   1.02097992e+01,
         1.77696370e+01,   1.03266645e+01,   1.99158229e+01,
         1.79108905e+01,   1.80044439e+01,   1.80044439e+01,
         1.92312246e+01,   1.03614671e+01,   0.00000000e+00,
         8.40000000e+00,   4.89897949e-01,   1.92312246e+01,
         1.48323970e+01,   1.84542678e+01,   1.84542678e+01,
         1.83455717e+01,   1.77380946e+01,   8.31865374e+00,
         0.00000000e+00,   8.56504524e+00,   1.83455717e+01,
         1.79108905e+01,   1.80044439e+01,   1.80044439e+01,
         1.92312246e+01,   1.04804580e+01,   4.89897949e-01,
         8.64869932e+00,   0.00000000e+00,   1.92312246e+01,
         2.54668412e+01,   1.66661333e+01,   1.66661333e+01,
         2.18668699e+01,   2.00658915e+01,   1.89673404e+01,
         1.81548891e+01,   1.89673404e+01,   0.00000000e+00,
         1.17645709e-02])]}
dataset: synthetic cpu
{'perf': [array([  2.73443931e-02,   0.00000000e+00,   0.00000000e+00,
         8.17862227e-02,   4.73754061e-01,   6.47218777e-01,
         7.45606891e-01,   1.00000000e+00,   8.17862227e-02,
         4.73754061e-01,   6.47218777e-01,   7.45606891e-01,
         1.00000000e+00,   1.63840000e+03,   1.63840000e+03,
         1.63840000e+03,   1.63840000e+03,   1.63840000e+03,
         0.00000000e+00,   4.50941665e-01,  -1.01798276e-02,
                    nan,   1.05860847e-03,   1.05399395e-03,
         1.89625839e-03,   9.74984103e-04,   9.98562231e-01,
                    nan,   1.54007016e-03,   1.51659766e-03,
         1.18569352e-03,   9.98556123e-01,   9.98991227e-01,
                    nan,   1.88321967e-03,   9.92518191e-04,
         9.99103119e-01,   9.98982343e-01,   9.99099266e-01,
                    nan,   8.67715453e-04,   9.98376174e-01,
         9.98744495e-01,   9.98421861e-01,   9.97954269e-01,
                    nan,   0.00000000e+00,   9.43600000e+02,
         9.47200000e+02,   5.25400000e+02,   1.02400000e+03,
         6.94800000e+02,   0.00000000e+00,   6.48400000e+02,
         6.57600000e+02,   8.42600000e+02,   6.91200000e+02,
         9.90000000e+02,   0.00000000e+00,   5.29800000e+02,
         1.00600000e+03,   1.11300000e+03,   9.80800000e+02,
         1.10860000e+03,   0.00000000e+00,   1.15080000e+03,
         6.14400000e+02,   7.95800000e+02,   6.32400000e+02,
         4.87600000e+02,   0.00000000e+00,   3.53167487e-02]), array([  3.73530938e-03,   0.00000000e+00,   0.00000000e+00,
         5.64706517e-03,   1.61816370e-02,   1.29595396e-02,
         7.07111254e-03,   0.00000000e+00,   5.64706517e-03,
         1.61816370e-02,   1.29595396e-02,   7.07111254e-03,
         0.00000000e+00,   4.89897949e-01,   4.89897949e-01,
         4.89897949e-01,   4.89897949e-01,   4.89897949e-01,
         0.00000000e+00,   6.13375558e-03,   1.09150875e-02,
                    nan,   3.39294940e-05,   2.22219651e-05,
         1.76053331e-05,   1.77767209e-05,   6.13587862e-05,
                    nan,   6.32134394e-05,   2.84548182e-05,
         4.47566571e-05,   4.36693567e-05,   2.66138308e-05,
                    nan,   7.15816237e-05,   2.11248644e-05,
         4.26636046e-06,   1.25482297e-05,   1.71228731e-05,
                    nan,   1.51396018e-05,   4.95821714e-05,
         5.12517725e-05,   5.44857615e-05,   8.09358467e-05,
                    nan,   0.00000000e+00,   3.00772339e+01,
         2.03017241e+01,   4.92341345e+00,   1.87723200e+01,
         2.99626434e+01,   0.00000000e+00,   2.62876397e+01,
         1.22245654e+01,   3.21284920e+01,   2.05075596e+01,
         2.64272587e+01,   0.00000000e+00,   2.09131538e+01,
         2.16979262e+01,   5.29150262e+00,   1.22049170e+01,
         2.07615028e+01,   0.00000000e+00,   1.99739831e+01,
         1.86826122e+01,   3.20711709e+01,   2.14997674e+01,
         1.96529896e+01,   0.00000000e+00,   1.94918707e-04])]}
dataset: synthetic pendigits
{'perf': [array([  0.00000000e+00,   0.00000000e+00,   0.00000000e+00,
         0.00000000e+00,   3.82098985e-02,   7.32896167e-01,
         7.57187091e-01,   8.61261778e-01,   3.70273360e-02,
         8.99927504e-01,   8.72908564e-01,   8.90465929e-01,
         1.00000000e+00,   1.00000000e-03,   3.82098985e-02,
         7.32896167e-01,   7.57187091e-01,   8.61261778e-01,
         3.70273360e-02,   8.99927504e-01,   8.72908564e-01,
         8.90465929e-01,   1.00000000e+00,   2.19840000e+03,
         2.19840000e+03,   2.19840000e+03,   2.19840000e+03,
         2.19840000e+03,   2.19840000e+03,   2.19840000e+03,
         2.19840000e+03,   2.19840000e+03,   2.19840000e+03,
         0.00000000e+00,   2.32937324e-01,   1.53408393e-01,
                    nan,   9.62071063e-04,   5.71446237e-04,
         5.86997471e-04,   5.66000706e-04,   3.47874643e-03,
         5.53535535e-04,   8.34839374e-04,   2.83853429e-03,
         1.23470640e-03,   9.99139894e-01,              nan,
         5.86682415e-04,   5.49058117e-04,   5.46701532e-04,
         1.20320529e-03,   7.55476220e-04,   7.89898668e-04,
         9.61114385e-04,   1.26305776e-03,   9.97788540e-01,
         9.97989771e-01,              nan,   9.98541836e-04,
         9.86321083e-04,   3.41509217e-03,   1.06486559e-03,
         2.05411259e-03,   3.29104070e-03,   2.30604913e-03,
         9.97994964e-01,   9.97372114e-01,   9.99166632e-01,
                    nan,   1.00253675e-03,   3.21699978e-03,
         1.24317461e-03,   1.63924902e-03,   2.71868572e-03,
         4.23540337e-03,   9.97698773e-01,   9.97318831e-01,
         9.99158197e-01,   9.99169659e-01,              nan,
         4.00947896e-03,   1.31540090e-03,   2.08444126e-03,
         3.57687470e-03,   3.60743414e-03,   9.99477746e-01,
         9.99270683e-01,   9.99476204e-01,   9.99471088e-01,
         9.99487849e-01,              nan,   5.01625711e-04,
         5.92284257e-04,   6.35042752e-04,   7.24480035e-04,
         9.97472491e-01,   9.98860912e-01,   9.99208307e-01,
         9.99284527e-01,   9.99306473e-01,   9.95192650e-01,
                    nan,   1.74477793e-03,   4.66500752e-03,
         1.73872645e-03,   9.99004187e-01,   9.98932058e-01,
         9.99417028e-01,   9.99371914e-01,   9.99419304e-01,
         9.98054200e-01,   9.99386092e-01,              nan,
         1.41896047e-03,   1.28386273e-03,   9.99459453e-01,
         9.99139173e-01,   9.99473169e-01,   9.99454780e-01,
         9.99479862e-01,   9.98405939e-01,   9.99496813e-01,
         9.99332251e-01,              nan,   7.65983203e-04,
         9.99281462e-01,   9.99291062e-01,   9.99434569e-01,
         9.99491170e-01,   9.99480449e-01,   9.98783212e-01,
         9.99385233e-01,   9.99297278e-01,   9.98884140e-01,
                    nan,   0.00000000e+00,   1.03760000e+03,
         1.74800000e+03,   1.70160000e+03,   1.76500000e+03,
         2.85600000e+02,   1.80460000e+03,   1.19600000e+03,
         3.50400000e+02,   8.08400000e+02,   1.16080000e+03,
         0.00000000e+00,   1.70260000e+03,   1.81940000e+03,
         1.82720000e+03,   8.29200000e+02,   1.32200000e+03,
         1.26400000e+03,   1.03860000e+03,   7.89800000e+02,
         4.50400000e+02,   4.95800000e+02,   0.00000000e+00,
         1.00000000e+03,   1.01220000e+03,   2.91200000e+02,
         9.37200000e+02,   4.85000000e+02,   3.02200000e+02,
         4.31800000e+02,   4.96800000e+02,   3.79000000e+02,
         1.19840000e+03,   0.00000000e+00,   9.95800000e+02,
         3.09600000e+02,   8.02600000e+02,   6.08200000e+02,
         3.66200000e+02,   2.35000000e+02,   4.33400000e+02,
         3.71200000e+02,   1.18620000e+03,   1.20260000e+03,
         0.00000000e+00,   2.47800000e+02,   7.58400000e+02,
         4.78200000e+02,   2.77800000e+02,   2.75600000e+02,
         1.91280000e+03,   1.36920000e+03,   1.90720000e+03,
         1.88880000e+03,   1.95060000e+03,   0.00000000e+00,
         1.99160000e+03,   1.68640000e+03,   1.57280000e+03,
         1.37840000e+03,   3.93800000e+02,   8.76400000e+02,
         1.26120000e+03,   1.39580000e+03,   1.44000000e+03,
         2.06800000e+02,   0.00000000e+00,   5.71400000e+02,
         2.13000000e+02,   5.73600000e+02,   1.00240000e+03,
         9.34400000e+02,   1.71340000e+03,   1.59020000e+03,
         1.72020000e+03,   5.12000000e+02,   1.62700000e+03,
         0.00000000e+00,   7.02800000e+02,   7.77200000e+02,
         1.84800000e+03,   1.15980000e+03,   1.89620000e+03,
         1.83220000e+03,   1.92060000e+03,   6.25600000e+02,
         1.98540000e+03,   1.49560000e+03,   0.00000000e+00,
         1.30380000e+03,   1.39000000e+03,   1.40860000e+03,
         1.76660000e+03,   1.96340000e+03,   1.92280000e+03,
         8.20000000e+02,   1.62480000e+03,   1.42120000e+03,
         8.94600000e+02,   0.00000000e+00,   3.62898542e-02]), array([  0.00000000e+00,   0.00000000e+00,   0.00000000e+00,
         0.00000000e+00,   2.68724313e-03,   9.58619670e-03,
         4.42123873e-03,   4.95061345e-03,   2.98895614e-03,
         5.55071688e-03,   5.39392177e-03,   4.37342216e-03,
         0.00000000e+00,   0.00000000e+00,   2.68724313e-03,
         9.58619670e-03,   4.42123873e-03,   4.95061345e-03,
         2.98895614e-03,   5.55071688e-03,   5.39392177e-03,
         4.37342216e-03,   0.00000000e+00,   4.89897949e-01,
         4.89897949e-01,   4.89897949e-01,   4.89897949e-01,
         4.89897949e-01,   4.89897949e-01,   4.89897949e-01,
         4.89897949e-01,   4.89897949e-01,   4.89897949e-01,
         0.00000000e+00,   2.03647637e-03,   1.05864960e-03,
                    nan,   1.24302881e-05,   3.17510026e-06,
         1.74917646e-06,   6.28673733e-06,   7.72463594e-05,
         2.29841060e-06,   9.82692126e-06,   4.92138924e-05,
         3.05093547e-05,   9.92072458e-06,              nan,
         4.49436421e-06,   4.04709751e-06,   2.80354134e-06,
         1.23058102e-05,   1.20044288e-05,   2.70166314e-06,
         1.12622900e-05,   1.19371141e-05,   4.77353665e-05,
         5.30818027e-05,              nan,   2.31810041e-05,
         1.78193192e-05,   1.24155991e-04,   1.17513990e-05,
         3.83192903e-05,   1.11012875e-04,   4.34726554e-05,
         2.12755889e-05,   9.24395842e-05,   1.61433192e-05,
                    nan,   1.81828238e-05,   1.58716724e-04,
         1.99634707e-05,   2.69021345e-05,   8.68141181e-05,
         2.62114224e-04,   1.01703951e-04,   6.72425308e-05,
         1.27702398e-05,   1.25973002e-05,              nan,
         1.61672583e-04,   2.00757986e-05,   6.47411186e-05,
         1.03370683e-04,   1.36928496e-04,   1.75013331e-06,
         4.56201233e-06,   2.95630075e-06,   4.30097426e-06,
         2.62465722e-06,              nan,   3.21635493e-06,
         2.11625962e-06,   5.12368480e-06,   6.12661309e-06,
         5.01846017e-05,   2.71597040e-05,   6.43117587e-06,
         6.71463400e-06,   5.63935890e-06,   2.92281220e-04,
                    nan,   3.70857359e-05,   2.51849049e-04,
         4.93741947e-05,   1.38489822e-05,   4.88598151e-06,
         3.24827062e-06,   3.92499133e-06,   5.00819895e-06,
         2.29969486e-05,   4.62038312e-06,              nan,
         1.29591627e-05,   2.52609206e-05,   1.89215587e-06,
         8.94933157e-06,   2.91733245e-06,   3.57470299e-06,
         2.21178245e-06,   3.33107937e-05,   2.95334280e-06,
         3.01752353e-06,              nan,   1.12569922e-05,
         1.02500962e-05,   3.79205451e-06,   2.59341316e-06,
         3.75119588e-06,   2.90948858e-06,   1.73452942e-05,
         6.21977045e-06,   7.48131480e-06,   2.48372214e-05,
                    nan,   0.00000000e+00,   1.36029409e+01,
         9.73652916e+00,   5.08330601e+00,   1.96061215e+01,
         6.31189354e+00,   7.52595509e+00,   1.40000000e+01,
         6.08604962e+00,   1.98655481e+01,   1.32574507e+01,
         0.00000000e+00,   1.30935098e+01,   1.34551106e+01,
         9.43186090e+00,   8.47112743e+00,   2.08710326e+01,
         4.33589668e+00,   1.20432554e+01,   7.46726188e+00,
         9.72830921e+00,   1.30445391e+01,   0.00000000e+00,
         2.32551070e+01,   1.83455717e+01,   1.05147515e+01,
         1.03614671e+01,   9.20869155e+00,   1.02254584e+01,
         8.37615664e+00,   5.26877595e+00,   1.32514150e+01,
         2.32086191e+01,   0.00000000e+00,   1.82142801e+01,
         1.52394226e+01,   1.29398609e+01,   1.00279609e+01,
         1.17541482e+01,   1.44775689e+01,   1.92416216e+01,
         9.10823803e+00,   1.79933321e+01,   1.81614977e+01,
         0.00000000e+00,   9.70360758e+00,   1.14995652e+01,
         1.46615142e+01,   7.83326241e+00,   1.04038454e+01,
         6.43117408e+00,   8.58836422e+00,   1.07962957e+01,
         1.53935051e+01,   1.00518655e+01,   0.00000000e+00,
         1.27530389e+01,   6.01996678e+00,   1.27499020e+01,
         1.17915224e+01,   7.73045924e+00,   2.11716792e+01,
         1.02645019e+01,   1.31057239e+01,   1.17813412e+01,
         1.29367693e+01,   0.00000000e+00,   1.22898332e+01,
         1.18321596e+01,   1.64268074e+01,   1.40655608e+01,
         4.27083130e+00,   9.52050419e+00,   9.94786409e+00,
         1.49184450e+01,   6.13188389e+00,   1.22311079e+01,
         0.00000000e+00,   6.43117408e+00,   1.52761252e+01,
         6.48074070e+00,   1.22212929e+01,   1.05147515e+01,
         1.20233107e+01,   8.21218607e+00,   1.29861465e+01,
         1.16378692e+01,   6.77052435e+00,   0.00000000e+00,
         1.96203975e+01,   1.99499373e+01,   7.55248304e+00,
         8.06473806e+00,   1.45134420e+01,   1.07962957e+01,
         1.15238882e+01,   1.64243721e+01,   1.51710250e+01,
         1.93142434e+01,   0.00000000e+00,   6.39578608e-05])]}
dataset: synthetic fried
{'perf': [array([  3.43307187e-01,   0.00000000e+00,   0.00000000e+00,
         9.18319721e-01,   8.19759829e-01,   7.45853076e-01,
         6.76067739e-01,   5.74001489e-01,   9.18319721e-01,
         8.19759829e-01,   7.45853076e-01,   6.76067739e-01,
         5.74001489e-01,   8.15360000e+03,   8.15360000e+03,
         8.15360000e+03,   8.15360000e+03,   8.15360000e+03,
         0.00000000e+00,   7.34414202e-01,   4.99859200e-01,
                    nan,   9.68197850e-01,   9.49620021e-01,
         9.50744101e-01,   9.64902819e-01,   5.33105782e-01,
                    nan,   9.44402410e-01,   9.55898711e-01,
         9.54082118e-01,   5.41457773e-01,   5.41003498e-01,
                    nan,   9.53946557e-01,   9.63048513e-01,
         5.35046234e-01,   5.49491573e-01,   5.48061206e-01,
                    nan,   9.68537343e-01,   5.34443094e-01,
         5.50557118e-01,   5.35485207e-01,   5.49633631e-01,
                    nan,   0.00000000e+00,   4.05880000e+03,
         4.07220000e+03,   4.10040000e+03,   4.07800000e+03,
         4.09480000e+03,   0.00000000e+00,   4.08440000e+03,
         4.09580000e+03,   4.07960000e+03,   4.08140000e+03,
         4.06920000e+03,   0.00000000e+00,   4.07000000e+03,
         4.09420000e+03,   4.05320000e+03,   4.05780000e+03,
         4.08360000e+03,   0.00000000e+00,   4.08320000e+03,
         4.07560000e+03,   4.07400000e+03,   4.05940000e+03,
         4.07040000e+03,   0.00000000e+00,   7.08875922e-01]), array([  1.04996079e-01,   0.00000000e+00,   0.00000000e+00,
         3.89196820e-02,   2.06495296e-02,   5.66218210e-02,
         8.25107614e-02,   1.22789472e-01,   3.89196820e-02,
         2.06495296e-02,   5.66218210e-02,   8.25107614e-02,
         1.22789472e-01,   4.89897949e-01,   4.89897949e-01,
         4.89897949e-01,   4.89897949e-01,   4.89897949e-01,
         0.00000000e+00,   5.71591066e-02,   1.64685915e-01,
                    nan,   1.06457053e-02,   1.97962764e-02,
         3.33905339e-02,   2.74378735e-02,   1.74656535e-01,
                    nan,   1.97892161e-02,   1.37158744e-02,
         8.22728208e-03,   1.86894454e-01,   1.77043757e-01,
                    nan,   1.60009372e-02,   2.03619777e-02,
         1.78243511e-01,   1.82276418e-01,   1.75334106e-01,
                    nan,   2.63944429e-02,   1.89715289e-01,
         1.67721453e-01,   1.81769265e-01,   1.71272220e-01,
                    nan,   0.00000000e+00,   6.45210043e+01,
         5.11914055e+01,   2.64317990e+01,   4.94206435e+01,
         6.41573067e+01,   0.00000000e+00,   3.17590932e+01,
         6.22684511e+01,   5.67365843e+01,   5.13521178e+01,
         3.18395980e+01,   0.00000000e+00,   6.56780024e+01,
         6.72826872e+01,   2.64680940e+01,   6.24416528e+01,
         6.55090833e+01,   0.00000000e+00,   3.58407589e+01,
         4.94716080e+01,   5.70298168e+01,   6.72951707e+01,
         3.62414128e+01,   0.00000000e+00,   1.15924575e-01])]}
