dataset: synthetic iris
number of samples: 150
NONERECALL: 0.001000
CV: 5
Abstention False
Inverse_laplace 64
{'perf': [array([  0.85333333,   0.        ,   0.        ,   0.90666667,
         0.95333333,   0.63333333,   0.90666667,   0.95333333,
         0.63333333,  30.        ,  30.        ,  30.        ,
         0.        ,   0.81522543,   0.88444444,          nan,
         0.78224956,   0.93823529,   0.87585859,          nan,
         0.93416916,   0.94164439,   0.88827839,          nan,
         0.        ,  15.6       ,  14.6       ,  14.4       ,
         0.        ,  20.        ,  15.4       ,  10.        ,
         0.        ,   0.89018547]), array([ 0.04988877,  0.        ,  0.        ,  0.03887301,  0.04521553,
        0.10110501,  0.03887301,  0.04521553,  0.10110501,  0.        ,
        0.        ,  0.        ,  0.        ,  0.04374216,  0.03555556,
               nan,  0.06433465,  0.01085833,  0.06758353,         nan,
        0.04221862,  0.00660582,  0.06924191,         nan,  0.        ,
        3.61109402,  2.33238076,  3.61109402,  0.        ,  2.0976177 ,
        2.33238076,  2.0976177 ,  0.        ,  0.02144187])]}
dataset: synthetic wine
number of samples: 178
NONERECALL: 0.001000
CV: 5
Abstention False
Inverse_laplace 64
{'perf': [array([  0.89349206,   0.        ,   0.        ,   0.94984127,
         0.9547619 ,   0.97777778,   0.94984127,   0.9547619 ,
         0.97777778,  35.6       ,  35.6       ,  35.6       ,
         0.        ,   0.96034991,   0.91396825,          nan,
         0.9111598 ,   0.93326283,   0.86876996,          nan,
         0.94137464,   0.87395382,   0.88544872,          nan,
         0.        ,  20.4       ,  24.8       ,  15.2       ,
         0.        ,  25.8       ,  10.8       ,   9.8       ,
         0.        ,   0.90095415]), array([ 0.01977704,  0.        ,  0.        ,  0.03228667,  0.02321479,
        0.03239418,  0.03228667,  0.02321479,  0.03239418,  0.48989795,
        0.48989795,  0.48989795,  0.        ,  0.01328905,  0.02492417,
               nan,  0.02665579,  0.02485335,  0.07324129,         nan,
        0.02032755,  0.03365598,  0.0400821 ,         nan,  0.        ,
        1.49666295,  3.12409987,  1.72046505,  0.        ,  2.85657137,
        3.05941171,  2.71293199,  0.        ,  0.00776953])]}
dataset: synthetic bodyfat
number of samples: 252
NONERECALL: 0.001000
CV: 5
Abstention False
Inverse_laplace 64
{'perf': [array([  2.38431373e-02,   0.00000000e+00,   0.00000000e+00,
         5.62980392e-01,   5.91686275e-01,   5.95843137e-01,
         5.98666667e-01,   5.95137255e-01,   6.26823529e-01,
         6.90509804e-01,   5.62980392e-01,   5.91686275e-01,
         5.95843137e-01,   5.98666667e-01,   5.95137255e-01,
         6.26823529e-01,   6.90509804e-01,   5.04000000e+01,
         5.04000000e+01,   5.04000000e+01,   5.04000000e+01,
         5.04000000e+01,   5.04000000e+01,   5.04000000e+01,
         0.00000000e+00,   6.03708018e-01,   2.91727358e-01,
                    nan,   6.17417939e-01,   4.87538709e-01,
         6.39044058e-01,   6.09073710e-01,   5.86022774e-01,
         7.04870321e-01,   6.09033261e-01,              nan,
         6.46996969e-01,   6.23192246e-01,   5.70562771e-01,
         5.61668056e-01,   6.99900794e-01,   5.95966418e-01,
         6.94628016e-01,              nan,   6.81497272e-01,
         6.50016841e-01,   6.05502743e-01,   6.45576548e-01,
         6.30962333e-01,   6.66694899e-01,   6.22707465e-01,
                    nan,   6.46058201e-01,   5.24271062e-01,
         6.62928407e-01,   6.27583507e-01,   6.37029637e-01,
         5.86402116e-01,   6.20842491e-01,              nan,
         4.39798754e-01,   6.62754675e-01,   6.97499484e-01,
         7.08769392e-01,   6.60655307e-01,   6.69732222e-01,
         6.42898948e-01,              nan,   6.85109718e-01,
         7.51361430e-01,   6.78296004e-01,   6.44219780e-01,
         6.38628900e-01,   6.94351396e-01,   5.56527325e-01,
                    nan,   0.00000000e+00,   2.60000000e+01,
         2.38000000e+01,   2.58000000e+01,   2.64000000e+01,
         2.22000000e+01,   2.48000000e+01,   2.44000000e+01,
         0.00000000e+00,   2.46000000e+01,   2.60000000e+01,
         2.64000000e+01,   2.38000000e+01,   2.48000000e+01,
         2.66000000e+01,   2.58000000e+01,   0.00000000e+00,
         2.68000000e+01,   2.54000000e+01,   2.44000000e+01,
         2.40000000e+01,   2.46000000e+01,   2.44000000e+01,
         2.36000000e+01,   0.00000000e+00,   2.44000000e+01,
         2.50000000e+01,   2.50000000e+01,   2.40000000e+01,
         2.40000000e+01,   2.50000000e+01,   2.60000000e+01,
         0.00000000e+00,   2.44000000e+01,   2.64000000e+01,
         2.82000000e+01,   2.66000000e+01,   2.60000000e+01,
         2.54000000e+01,   2.60000000e+01,   0.00000000e+00,
         2.74000000e+01,   2.56000000e+01,   2.56000000e+01,
         2.64000000e+01,   2.54000000e+01,   2.40000000e+01,
         2.30000000e+01,   0.00000000e+00,   6.23466277e-01]), array([  8.08033482e-03,   0.00000000e+00,   0.00000000e+00,
         7.89623595e-02,   7.18537538e-02,   7.62349714e-02,
         6.00815030e-02,   6.43125777e-02,   6.57274556e-02,
         3.87179392e-02,   7.89623595e-02,   7.18537538e-02,
         7.62349714e-02,   6.00815030e-02,   6.43125777e-02,
         6.57274556e-02,   3.87179392e-02,   4.89897949e-01,
         4.89897949e-01,   4.89897949e-01,   4.89897949e-01,
         4.89897949e-01,   4.89897949e-01,   4.89897949e-01,
         0.00000000e+00,   4.32436545e-03,   2.74719129e-02,
                    nan,   1.19787966e-01,   1.18925433e-01,
         2.47654088e-02,   1.03723167e-01,   9.92950411e-02,
         8.37013886e-02,   3.38502786e-02,              nan,
         9.53108250e-02,   1.04063584e-01,   1.22025717e-01,
         7.84573280e-02,   9.76283226e-02,   6.83969391e-02,
         1.35862033e-01,              nan,   9.39848933e-02,
         1.02745336e-01,   8.15798199e-02,   7.81834744e-02,
         9.72770181e-02,   7.99430190e-02,   6.91815394e-02,
                    nan,   1.16215170e-01,   9.89329418e-02,
         8.15413712e-02,   1.07105344e-01,   1.22437616e-01,
         9.91390389e-02,   4.54449306e-02,              nan,
         8.84418240e-02,   6.95250223e-02,   6.62232186e-02,
         6.67477188e-02,   1.02350881e-01,   9.32103731e-02,
         5.21805578e-02,              nan,   8.85362819e-02,
         5.99681177e-02,   6.82672786e-02,   8.61448078e-02,
         7.73677867e-02,   2.38722011e-02,   5.99542399e-02,
                    nan,   0.00000000e+00,   4.14728827e+00,
         1.46969385e+00,   2.22710575e+00,   1.74355958e+00,
         2.31516738e+00,   1.72046505e+00,   4.54312668e+00,
         0.00000000e+00,   1.74355958e+00,   5.09901951e+00,
         4.45421149e+00,   2.78567766e+00,   5.30659966e+00,
         1.35646600e+00,   1.60000000e+00,   0.00000000e+00,
         2.71293199e+00,   1.01980390e+00,   2.05912603e+00,
         3.74165739e+00,   2.41660919e+00,   4.75815090e+00,
         2.87054002e+00,   0.00000000e+00,   1.62480768e+00,
         1.78885438e+00,   2.09761770e+00,   2.00000000e+00,
         4.33589668e+00,   1.09544512e+00,   1.78885438e+00,
         0.00000000e+00,   2.72763634e+00,   5.00399840e+00,
         2.63818119e+00,   2.57681975e+00,   1.89736660e+00,
         2.15406592e+00,   2.60768096e+00,   0.00000000e+00,
         1.85472370e+00,   1.74355958e+00,   5.08330601e+00,
         3.49857114e+00,   1.74355958e+00,   4.89897949e+00,
         1.67332005e+00,   0.00000000e+00,   2.03306077e-02])]}
dataset: synthetic stock
number of samples: 950
NONERECALL: 0.001000
CV: 5
Abstention False
Inverse_laplace 64
{'perf': [array([   0.38947368,    0.        ,    0.        ,    0.82631579,
          0.80631579,    0.73473684,    0.79157895,    0.77684211,
          0.82631579,    0.80631579,    0.73473684,    0.79157895,
          0.77684211,  190.        ,  190.        ,  190.        ,
        190.        ,  190.        ,    0.        ,    0.78595636,
          0.74989474,           nan,    0.85628769,    0.97733906,
          0.86422296,    0.86883254,    0.92465039,           nan,
          0.92407054,    0.7332523 ,    0.92313013,    0.89748545,
          0.82563543,           nan,    0.96104021,    0.63399459,
          0.82243344,    0.85705559,    0.93284878,           nan,
          0.85574955,    0.9127229 ,    0.74897994,    0.88028181,
          0.87499892,           nan,    0.        ,   84.2       ,
         85.        ,  118.2       ,   95.2       ,  105.8       ,
          0.        ,  116.8       ,   90.        ,  110.4       ,
        105.        ,   73.2       ,    0.        ,   69.8       ,
         89.        ,   71.8       ,  100.        ,  120.2       ,
          0.        ,   85.6       ,   94.8       ,   79.6       ,
        101.        ,  104.4       ,    0.        ,    0.85900593]), array([  3.31202794e-02,   0.00000000e+00,   0.00000000e+00,
         2.90190500e-02,   4.28098935e-02,   2.63368337e-02,
         2.34432184e-02,   3.42064775e-02,   2.90190500e-02,
         4.28098935e-02,   2.63368337e-02,   2.34432184e-02,
         3.42064775e-02,   0.00000000e+00,   0.00000000e+00,
         0.00000000e+00,   0.00000000e+00,   0.00000000e+00,
         0.00000000e+00,   9.07849312e-03,   1.02835156e-02,
                    nan,   4.95161923e-02,   1.18001131e-02,
         4.26670316e-02,   2.16099632e-02,   3.00036573e-02,
                    nan,   3.01813334e-02,   5.96824189e-02,
         1.81184240e-02,   2.46257797e-02,   4.59546045e-02,
                    nan,   1.32224714e-02,   3.67357721e-02,
         4.79939844e-02,   1.69030563e-02,   1.60170560e-02,
                    nan,   1.99985763e-02,   2.72105781e-02,
         2.93530659e-02,   2.70483482e-02,   2.75435339e-02,
                    nan,   0.00000000e+00,   4.16653333e+00,
         5.65685425e+00,   9.86711711e+00,   5.84465568e+00,
         4.16653333e+00,   0.00000000e+00,   6.85273668e+00,
         5.01996016e+00,   3.61109402e+00,   5.65685425e+00,
         6.85273668e+00,   0.00000000e+00,   5.49181209e+00,
         5.09901951e+00,   9.86711711e+00,   5.01996016e+00,
         5.49181209e+00,   0.00000000e+00,   5.08330601e+00,
         5.84465568e+00,   3.61109402e+00,   5.09901951e+00,
         5.08330601e+00,   0.00000000e+00,   6.79623564e-03])]}
dataset: synthetic glass
number of samples: 214
NONERECALL: 0.001000
CV: 5
Abstention False
Inverse_laplace 64
{'perf': [array([  0.59368771,   0.        ,   0.        ,   0.91140642,
         0.89269103,   0.80420819,   0.85027685,   0.92978959,
         0.95326689,   0.91140642,   0.89269103,   0.80420819,
         0.85027685,   0.92978959,   0.95326689,  42.8       ,
        42.8       ,  42.8       ,  42.8       ,  42.8       ,
        42.8       ,   0.        ,   0.88761219,   0.87672204,
                nan,   0.9305384 ,   0.91911461,   0.96222111,
         0.97567125,   0.94625686,   0.65948052,          nan,
         0.85528075,   0.94684519,   0.95144659,   0.95861275,
         0.19147727,   0.88126882,          nan,   0.93566149,
         0.97044204,   0.94085145,   0.64435897,   0.46666667,
         0.72307692,          nan,   0.94064755,   0.9530151 ,
         0.69642857,   0.75357143,   0.71428571,   0.72071429,
                nan,   0.92455472,   0.69650794,   0.78333333,
         0.71873016,   0.80563492,   0.8510101 ,          nan,
         0.        ,  35.6       ,  37.8       ,  35.        ,
        39.2       ,  35.4       ,   7.2       ,   0.        ,
        16.6       ,  38.8       ,  39.4       ,  36.6       ,
         5.        ,  26.2       ,   0.        ,  34.2       ,
        39.        ,  35.4       ,   7.8       ,   4.        ,
         8.6       ,   0.        ,  38.6       ,  36.4       ,
         3.6       ,   3.4       ,   3.8       ,   4.2       ,
         0.        ,  35.2       ,   7.4       ,   6.2       ,
         7.4       ,   6.4       ,   7.6       ,   0.        ,   0.7851759 ]), array([  5.05114513e-02,   0.00000000e+00,   0.00000000e+00,
         3.05535473e-02,   4.98516026e-02,   7.52634896e-02,
         5.28665051e-02,   2.58918423e-02,   1.47149371e-02,
         3.05535473e-02,   4.98516026e-02,   7.52634896e-02,
         5.28665051e-02,   2.58918423e-02,   1.47149371e-02,
         4.00000000e-01,   4.00000000e-01,   4.00000000e-01,
         4.00000000e-01,   4.00000000e-01,   4.00000000e-01,
         0.00000000e+00,   1.16627423e-02,   1.66013111e-02,
                    nan,   3.17277589e-02,   3.50840547e-02,
         1.27657132e-02,   1.15044915e-03,   2.48954605e-02,
         1.29371510e-01,              nan,   8.81846395e-02,
         3.82129609e-02,   1.65976463e-02,   1.24901241e-02,
         8.62196018e-02,   2.65438030e-02,              nan,
         3.59583949e-02,   1.08883425e-02,   2.11621058e-02,
         7.11860634e-02,   1.71428571e-01,   1.00491887e-01,
                    nan,   2.04324311e-02,   1.94355361e-02,
         9.43034495e-02,   1.48246554e-01,   1.96914982e-01,
         1.54728201e-01,              nan,   3.22714390e-02,
         8.33561571e-02,   6.24598637e-02,   1.11962273e-01,
         6.81386993e-02,   5.92008819e-02,              nan,
         0.00000000e+00,   2.05912603e+00,   3.31058907e+00,
         2.82842712e+00,   2.03960781e+00,   1.62480768e+00,
         1.83303028e+00,   0.00000000e+00,   2.80000000e+00,
         1.72046505e+00,   2.05912603e+00,   1.74355958e+00,
         3.46410162e+00,   3.05941171e+00,   0.00000000e+00,
         2.92574777e+00,   1.67332005e+00,   1.62480768e+00,
         2.56124969e+00,   1.54919334e+00,   2.72763634e+00,
         0.00000000e+00,   1.74355958e+00,   1.01980390e+00,
         1.85472370e+00,   1.85472370e+00,   1.46969385e+00,
         1.46969385e+00,   0.00000000e+00,   1.16619038e+00,
         1.62480768e+00,   1.72046505e+00,   1.62480768e+00,
         1.01980390e+00,   1.20000000e+00,   0.00000000e+00,
         3.69439003e-02])]}
dataset: synthetic housing
number of samples: 506
NONERECALL: 0.001000
CV: 5
Abstention False
Inverse_laplace 64
{'perf': [array([   0.27080179,    0.        ,    0.        ,    0.7233741 ,
          0.73521646,    0.68769171,    0.65826053,    0.66787032,
          0.86952048,    0.7233741 ,    0.73521646,    0.68769171,
          0.65826053,    0.66787032,    0.86952048,  101.2       ,
        101.2       ,  101.2       ,  101.2       ,  101.2       ,
        101.2       ,    0.        ,    0.71891299,    0.66748981,
                 nan,    0.86926387,    0.89838221,    0.91810277,
          0.66456192,    0.72313042,    0.88745421,           nan,
          0.96494384,    0.95448004,    0.84149857,    0.55007218,
          0.76529803,    0.78822178,           nan,    0.84012771,
          0.72398368,    0.91752207,    0.71436686,    0.8722175 ,
          0.56442768,           nan,    0.69993863,    0.89801343,
          0.65110228,    0.82558653,    0.87538187,    0.91791246,
                 nan,    0.59737286,    0.87617119,    0.89133785,
          0.95172015,    0.94995245,    0.92121637,           nan,
          0.        ,   58.6       ,   45.4       ,   46.6       ,
         48.        ,   50.8       ,   42.6       ,    0.        ,
         55.2       ,   58.4       ,   50.4       ,   40.8       ,
         55.8       ,   46.        ,    0.        ,   64.4       ,
         53.8       ,   29.2       ,   54.6       ,   42.8       ,
         36.8       ,    0.        ,   53.8       ,   32.        ,
         53.2       ,   50.8       ,   47.4       ,   47.4       ,
          0.        ,   47.6       ,   50.4       ,   60.4       ,
         72.        ,   69.2       ,   53.6       ,    0.        ,
          0.80594114]), array([ 0.04019961,  0.        ,  0.        ,  0.04112199,  0.05558922,
        0.03276109,  0.04975379,  0.06076576,  0.06091866,  0.04112199,
        0.05558922,  0.03276109,  0.04975379,  0.06076576,  0.06091866,
        0.4       ,  0.4       ,  0.4       ,  0.4       ,  0.4       ,
        0.4       ,  0.        ,  0.02167239,  0.01715406,         nan,
        0.03044733,  0.02171365,  0.01780168,  0.07720598,  0.0511827 ,
        0.04828049,         nan,  0.01104481,  0.01970017,  0.05380277,
        0.06291012,  0.04424694,  0.02276645,         nan,  0.05241298,
        0.02065836,  0.03171137,  0.0238128 ,  0.0425905 ,  0.06620558,
               nan,  0.02231717,  0.05479738,  0.06716741,  0.03415829,
        0.03887186,  0.03302095,         nan,  0.05571335,  0.02963398,
        0.05995241,  0.01888345,  0.0124987 ,  0.02283005,         nan,
        0.        ,  4.45421149,  2.87054002,  5.16139516,  4.14728827,
        5.11468474,  4.58693798,  0.        ,  1.72046505,  2.8       ,
        3.92937654,  6.04648658,  3.18747549,  1.78885438,  0.        ,
        5.88557559,  2.78567766,  2.71293199,  5.46260011,  2.92574777,
        6.04648658,  0.        ,  4.48998886,  3.46410162,  4.26145515,
        3.7094474 ,  2.41660919,  4.2708313 ,  0.        ,  3.32264955,
        5.27636238,  5.88557559,  2.44948974,  3.31058907,  3.38230691,
        0.        ,  0.00878986])]}
dataset: synthetic vehicle
number of samples: 846
NONERECALL: 0.001000
CV: 5
Abstention False
Inverse_laplace 64
{'perf': [array([   0.68552732,    0.        ,    0.        ,    0.91018448,
          0.87346328,    0.88646015,    0.81802297,    0.91018448,
          0.87346328,    0.88646015,    0.81802297,  169.2       ,
        169.2       ,  169.2       ,  169.2       ,    0.        ,
          0.87072193,    0.84435549,           nan,    0.90409241,
          0.93175132,    0.96234908,    0.81731204,           nan,
          0.86803763,    0.96949285,    0.75349997,    0.86341471,
                 nan,    0.93411513,    0.96813943,    0.9674001 ,
          0.97003595,           nan,    0.        ,  116.6       ,
        110.4       ,   75.8       ,   52.6       ,    0.        ,
        111.2       ,   77.6       ,   58.8       ,   58.        ,
          0.        ,   76.4       ,   93.4       ,   91.6       ,
         92.8       ,    0.        ,    0.90573916]), array([ 0.03692943,  0.        ,  0.        ,  0.01129419,  0.03495528,
        0.03851931,  0.04324628,  0.01129419,  0.03495528,  0.03851931,
        0.04324628,  0.4       ,  0.4       ,  0.4       ,  0.4       ,
        0.        ,  0.01033884,  0.01227595,         nan,  0.02943439,
        0.01177644,  0.02280192,  0.06182208,         nan,  0.03573551,
        0.01318746,  0.06455335,  0.02981061,         nan,  0.01660071,
        0.0243761 ,  0.03419855,  0.01953361,         nan,  0.        ,
        4.45421149,  7.31026675,  5.49181209,  4.49888875,  0.        ,
        7.4404301 ,  5.46260011,  6.99714227,  7.12741187,  0.        ,
        7.73563184,  5.42586399,  5.35163526,  7.6       ,  0.        ,
        0.00875912])]}
dataset: synthetic vowel
number of samples: 528
NONERECALL: 0.001000
CV: 5
Abstention False
Inverse_laplace 64
{'perf': [array([   0.12314465,    0.        ,    0.        ,    0.62884097,
          0.76907457,    0.53994609,    0.63272237,    0.55667565,
          0.7253549 ,    0.65719677,    0.4658221 ,    0.7479425 ,
          0.73473495,    0.53027853,    0.62884097,    0.76907457,
          0.53994609,    0.63272237,    0.55667565,    0.7253549 ,
          0.65719677,    0.4658221 ,    0.7479425 ,    0.73473495,
          0.53027853,  105.6       ,  105.6       ,  105.6       ,
        105.6       ,  105.6       ,  105.6       ,  105.6       ,
        105.6       ,  105.6       ,  105.6       ,  105.6       ,
          0.        ,    0.62537243,    0.6230009 ,           nan,
          0.68183323,    0.86153138,    0.77089379,    0.82376589,
          0.78926286,    0.91446369,    0.92531526,    0.94158988,
          0.96071105,    0.81346413,    0.88298753,           nan,
          0.97426098,    0.84350648,    0.86846996,    0.81717694,
          0.92984237,    0.93222663,    0.94016798,    0.95534965,
          0.79790263,    0.69232804,    0.28047619,           nan,
          0.53269245,    0.77937737,    0.70056529,    0.85170137,
          0.89044014,    0.87414081,    0.94169115,    0.62326818,
          0.71200822,    0.50688914,    0.88848485,           nan,
          0.75558932,    0.67689934,    0.84538834,    0.92165179,
          0.86054614,    0.92633318,    0.6875654 ,    0.78986943,
          0.76102414,    0.85434173,    0.84568289,           nan,
          0.49290338,    0.74779923,    0.89039935,    0.86839625,
          0.96795621,    0.69782516,    0.73957889,    0.66082576,
          0.85218853,    0.84139783,    0.79383287,           nan,
          0.81267564,    0.92143095,    0.89575063,    0.94752615,
          0.80923387,    0.76585506,    0.78291592,    0.83268382,
          0.84866635,    0.85730769,    0.89305103,           nan,
          0.89857582,    0.81869631,    0.94876354,    0.71541342,
          0.68007928,    0.72534138,    0.86451611,    0.83614374,
          0.8518479 ,    0.89569697,    0.74750842,           nan,
          0.30464491,    0.87003324,    0.56862777,    0.76489822,
          0.79560141,    0.87667648,    0.82511521,    0.8177887 ,
          0.86859715,    0.83118455,    0.91490098,           nan,
          0.95043143,    0.68083846,    0.77162111,    0.80822092,
          0.86703565,    0.77157651,    0.86097666,    0.89467829,
          0.91798   ,    0.86220607,    0.87560102,           nan,
          0.62151722,    0.40830848,    0.26056689,    0.57084383,
          0.43136835,    0.53306767,    0.45415669,    0.6848585 ,
          0.8917767 ,    0.82179954,    0.90358311,           nan,
          0.        ,   60.2       ,   83.6       ,   70.4       ,
         68.        ,   54.        ,   56.4       ,   76.        ,
         53.2       ,   69.8       ,   52.6       ,   45.4       ,
          0.        ,   90.8       ,   78.4       ,   70.4       ,
         58.2       ,   61.        ,   76.8       ,   57.8       ,
         72.4       ,   56.4       ,   22.        ,   14.8       ,
          0.        ,   72.6       ,   68.4       ,   55.6       ,
         53.        ,   72.        ,   53.8       ,   68.2       ,
         56.2       ,   35.2       ,   27.2       ,   33.        ,
          0.        ,   78.2       ,   68.        ,   62.8       ,
         73.8       ,   56.6       ,   65.6       ,   58.        ,
         37.6       ,   35.2       ,   37.2       ,   27.4       ,
          0.        ,   70.6       ,   69.6       ,   74.4       ,
         60.2       ,   68.4       ,   59.4       ,   51.6       ,
         47.4       ,   50.        ,   37.6       ,   35.        ,
          0.        ,   73.6       ,   76.8       ,   63.4       ,
         71.        ,   70.4       ,   49.2       ,   44.6       ,
         52.6       ,   42.8       ,   36.        ,   32.        ,
          0.        ,   82.4       ,   67.        ,   75.6       ,
         58.        ,   29.6       ,   28.8       ,   33.6       ,
         31.8       ,   31.2       ,   28.8       ,   23.2       ,
          0.        ,   55.6       ,   72.8       ,   46.6       ,
         52.4       ,   47.8       ,   51.8       ,   49.        ,
         45.4       ,   42.2       ,   38.6       ,   50.        ,
          0.        ,   87.        ,   59.6       ,   35.8       ,
         33.2       ,   37.4       ,   40.        ,   37.2       ,
         34.6       ,   30.        ,   32.8       ,   18.6       ,
          0.        ,   52.        ,   53.        ,   49.2       ,
         49.4       ,   47.6       ,   46.2       ,   35.2       ,
         47.6       ,   59.        ,   46.        ,   53.6       ,
          0.        ,    0.76770669]), array([ 0.03508802,  0.        ,  0.        ,  0.08126288,  0.04552593,
        0.05770018,  0.04805713,  0.0422816 ,  0.03598355,  0.05357946,
        0.05951895,  0.04560524,  0.03267801,  0.04184834,  0.08126288,
        0.04552593,  0.05770018,  0.04805713,  0.0422816 ,  0.03598355,
        0.05357946,  0.05951895,  0.04560524,  0.03267801,  0.04184834,
        0.48989795,  0.48989795,  0.48989795,  0.48989795,  0.48989795,
        0.48989795,  0.48989795,  0.48989795,  0.48989795,  0.48989795,
        0.48989795,  0.        ,  0.01315352,  0.01768189,         nan,
        0.03257029,  0.04474976,  0.08259141,  0.09522225,  0.08755196,
        0.02914432,  0.00775908,  0.01939805,  0.01124551,  0.08993746,
        0.04216489,         nan,  0.01563991,  0.05347732,  0.03298857,
        0.07723993,  0.0224105 ,  0.01938227,  0.02020839,  0.02148968,
        0.05338109,  0.08852597,  0.10137896,         nan,  0.07226145,
        0.04222641,  0.09747831,  0.0324211 ,  0.03993588,  0.03425035,
        0.02287112,  0.08721451,  0.0473384 ,  0.02822142,  0.03198154,
               nan,  0.01433209,  0.07241381,  0.02432033,  0.03067516,
        0.02450643,  0.02473204,  0.05511271,  0.04770637,  0.0482688 ,
        0.05399331,  0.07462441,         nan,  0.04653707,  0.04218818,
        0.02267646,  0.02360319,  0.01824408,  0.04556851,  0.06075594,
        0.04803559,  0.05344189,  0.03914825,  0.03058118,         nan,
        0.03887872,  0.02572071,  0.03533747,  0.03138704,  0.05717115,
        0.05836134,  0.06926543,  0.04950699,  0.04916754,  0.07008917,
        0.04842026,         nan,  0.01255017,  0.02288962,  0.02753505,
        0.03530201,  0.03374845,  0.05208704,  0.08091818,  0.09274654,
        0.03511364,  0.02949617,  0.07705381,         nan,  0.05704738,
        0.05039087,  0.03866458,  0.02746942,  0.03558185,  0.04825128,
        0.06174748,  0.03957421,  0.02646779,  0.041139  ,  0.02972382,
               nan,  0.01545304,  0.04020283,  0.06723204,  0.05994093,
        0.01706897,  0.06710961,  0.0547622 ,  0.05174557,  0.02995129,
        0.03704053,  0.02729206,         nan,  0.04808105,  0.02701265,
        0.02833672,  0.05196151,  0.08673769,  0.02966327,  0.02674657,
        0.0137271 ,  0.03270763,  0.05716882,  0.04854296,         nan,
        0.        ,  1.93907194,  1.95959179,  1.8547237 ,  3.34664011,
        3.34664011,  2.72763634,  3.40587727,  2.22710575,  4.83321839,
        2.65329983,  2.05912603,  0.        ,  2.48193473,  1.356466  ,
        3.92937654,  3.05941171,  4.51663592,  3.31058907,  3.31058907,
        4.12795349,  4.45421149,  1.8973666 ,  2.03960781,  0.        ,
        4.22374242,  3.2       ,  3.13687743,  3.89871774,  5.21536192,
        2.48193473,  5.87877538,  4.16653333,  2.03960781,  1.16619038,
        4.19523539,  0.        ,  3.18747549,  4.5607017 ,  4.11825206,
        3.48711915,  2.33238076,  5.27636238,  2.44948974,  3.38230691,
        3.86781592,  3.05941171,  3.2       ,  0.        ,  2.24499443,
        1.95959179,  4.8       ,  2.92574777,  5.23832034,  3.77359245,
        3.26190129,  2.8       ,  3.16227766,  4.67332858,  2.44948974,
        0.        ,  3.38230691,  3.76297754,  1.49666295,  4.28952212,
        5.08330601,  2.48193473,  4.40908154,  3.77359245,  3.96988665,
        1.67332005,  3.03315018,  0.        ,  4.12795349,  4.5607017 ,
        4.45421149,  3.68781778,  3.0724583 ,  3.05941171,  4.92341345,
        3.31058907,  4.53431362,  3.65513338,  4.16653333,  0.        ,
        6.34350061,  6.11228272,  1.49666295,  2.33238076,  3.31058907,
        2.48193473,  2.0976177 ,  2.93938769,  1.32664992,  4.49888875,
        6.29285309,  0.        ,  2.44948974,  2.24499443,  4.53431362,
        3.96988665,  5.67802783,  4.93963561,  4.95580468,  4.02988834,
        4.19523539,  5.70613705,  2.24499443,  0.        ,  3.57770876,
        2.44948974,  4.26145515,  3.97994975,  2.33238076,  4.01995025,
        5.15363949,  3.97994975,  1.78885438,  2.60768096,  3.87814389,
        0.        ,  0.00780561])]}
dataset: synthetic authorship
number of samples: 841
NONERECALL: 0.001000
CV: 5
Abstention False
Inverse_laplace 64
{'perf': [array([   0.7787898 ,    0.        ,    0.        ,    0.95001409,
          0.92154832,    0.97024514,    0.92627501,    0.95001409,
          0.92154832,    0.97024514,    0.92627501,  168.2       ,
        168.2       ,  168.2       ,  168.2       ,    0.        ,
          0.94157714,    0.91912745,           nan,    0.92975135,
          0.9886051 ,    0.97117915,    0.90950146,           nan,
          0.99120028,    0.93212192,    0.85714286,    0.88021645,
                 nan,    0.74438556,    0.93546129,    0.90214179,
          0.95217486,           nan,    0.        ,   88.8       ,
        155.6       ,  123.2       ,   79.4       ,    0.        ,
        156.6       ,  114.4       ,   12.6       ,   11.6       ,
          0.        ,   15.8       ,   45.        ,   53.8       ,
        152.4       ,    0.        ,    0.91178628]), array([  2.56852617e-02,   0.00000000e+00,   0.00000000e+00,
         2.01594395e-02,   3.45077547e-02,   1.55327185e-02,
         1.43995559e-02,   2.01594395e-02,   3.45077547e-02,
         1.55327185e-02,   1.43995559e-02,   4.00000000e-01,
         4.00000000e-01,   4.00000000e-01,   4.00000000e-01,
         0.00000000e+00,   8.01085134e-03,   1.08518678e-02,
                    nan,   2.88506514e-02,   4.69309729e-03,
         1.11672563e-02,   3.61908177e-02,              nan,
         2.99147764e-03,   2.65655442e-02,   5.88051859e-02,
         3.72409124e-02,              nan,   1.50486404e-01,
         3.06048434e-02,   4.49033984e-02,   1.34643253e-02,
                    nan,   0.00000000e+00,   4.70744092e+00,
         2.93938769e+00,   3.76297754e+00,   4.75815090e+00,
         0.00000000e+00,   3.00665928e+00,   6.80000000e+00,
         3.32264955e+00,   3.38230691e+00,   0.00000000e+00,
         4.26145515e+00,   4.00000000e+00,   7.02566723e+00,
         4.12795349e+00,   0.00000000e+00,   1.60155317e-02])]}
dataset: synthetic wisconsin
number of samples: 194
NONERECALL: 0.001000
CV: 5
Abstention False
Inverse_laplace 64
{'perf': [array([  0.06666667,   0.        ,   0.        ,   0.55222672,
         0.52618084,   0.57165992,   0.55695007,   0.50472335,
         0.70620783,   0.70620783,   0.70121457,   0.67516869,
         0.63927126,   0.57759784,   0.53603239,   0.63373819,
         0.58205128,   0.58690958,   0.52645074,   0.55222672,
         0.52618084,   0.57165992,   0.55695007,   0.50472335,
         0.70620783,   0.70620783,   0.70121457,   0.67516869,
         0.63927126,   0.57759784,   0.53603239,   0.63373819,
         0.58205128,   0.58690958,   0.52645074,  38.8       ,
        38.8       ,  38.8       ,  38.8       ,  38.8       ,
        38.8       ,  38.8       ,  38.8       ,  38.8       ,
        38.8       ,  38.8       ,  38.8       ,  38.8       ,
        38.8       ,  38.8       ,  38.8       ,   0.        ,
         0.59030025,   0.62636077,          nan,   0.78017429,
         0.7280352 ,   0.66192982,   0.6992823 ,   0.81787149,
         0.7872807 ,   0.78237841,   0.81381768,   0.7414026 ,
         0.80332659,   0.72622807,   0.76600408,   0.74398315,
         0.79119883,   0.68337082,   0.74131121,          nan,
         0.73351718,   0.68341366,   0.7542957 ,   0.81785006,
         0.75994915,   0.78280201,   0.85376267,   0.74824626,
         0.80703342,   0.76253759,   0.68498229,   0.72230994,
         0.82251158,   0.67513734,   0.73720787,   0.68413979,
                nan,   0.60173204,   0.74287572,   0.74154113,
         0.77927744,   0.76682616,   0.74907828,   0.7691264 ,
         0.78328283,   0.76393162,   0.76161616,   0.77380952,
         0.81777778,   0.71892398,   0.70616289,   0.71710606,
         0.65551378,          nan,   0.67178189,   0.77050104,
         0.75983437,   0.71801242,   0.76809524,   0.74321856,
         0.73802586,   0.76390787,   0.7219716 ,   0.76924808,
         0.67310606,   0.66587635,   0.64156315,   0.76920055,
         0.70460913,   0.66648615,          nan,   0.80961361,
         0.80295145,   0.80272694,   0.83387446,   0.71096988,
         0.70784314,   0.71545894,   0.67504338,   0.71624599,
         0.76557854,   0.7215685 ,   0.88178934,   0.8435711 ,
         0.7837535 ,   0.84234727,   0.85928238,          nan,
         0.87677489,   0.8584109 ,   0.8152028 ,   0.89702465,
         0.88957075,   0.87184621,   0.80454201,   0.88983143,
         0.88232904,   0.78327182,   0.80831426,   0.77162319,
         0.78020779,   0.80277056,   0.80527877,   0.88802441,
                nan,   0.89486291,   0.92702309,   0.85937845,
         0.83211081,   0.90432663,   0.84419913,   0.83777778,
         0.84717674,   0.74798712,   0.84888445,   0.82646007,
         0.77527605,   0.84591982,   0.88060273,   0.82370766,
         0.8818355 ,          nan,   0.76825397,   0.90248953,
         0.84604974,   0.912663  ,   0.80916191,   0.84389724,
         0.88322654,   0.751244  ,   0.85526734,   0.83580295,
         0.82887205,   0.80680195,   0.84734488,   0.69851098,
         0.87261905,   0.79658128,          nan,   0.85503704,
         0.87945076,   0.85471163,   0.83091304,   0.86183519,
         0.88169608,   0.73278453,   0.76986724,   0.77565697,
         0.81478818,   0.77419048,   0.77022881,   0.8238462 ,
         0.8244479 ,   0.88518445,   0.8384058 ,          nan,
         0.79655123,   0.86839827,   0.81453079,   0.80126   ,
         0.79454375,   0.74575305,   0.85584726,   0.79859697,
         0.82382684,   0.78596312,   0.77027514,   0.82153209,
         0.82234564,   0.78919011,   0.84798303,   0.77724685,
                nan,   0.81522297,   0.79988558,   0.68070707,
         0.73887948,   0.72338317,   0.73239893,   0.81178143,
         0.80494118,   0.75970988,   0.74466667,   0.83581017,
         0.89846414,   0.85788564,   0.85424421,   0.78603326,
         0.75127508,          nan,   0.71285134,   0.76437247,
         0.75117647,   0.64565527,   0.78510379,   0.78407407,
         0.86770148,   0.77321017,   0.82348808,   0.75785507,
         0.85518539,   0.76547315,   0.81214458,   0.77383632,
         0.80212121,   0.75821989,          nan,   0.75515873,
         0.83118182,   0.72988889,   0.79744156,   0.80847445,
         0.7989418 ,   0.81556447,   0.75234765,   0.83085327,
         0.826294  ,   0.84145344,   0.82301587,   0.72803258,
         0.73781643,   0.80833333,   0.77553885,          nan,
         0.69771807,   0.67004517,   0.80232494,   0.7815863 ,
         0.77505492,   0.7255161 ,   0.85374578,   0.8902381 ,
         0.87310321,   0.86184874,   0.87918768,   0.72343309,
         0.73964502,   0.80478335,   0.79009626,   0.72059958,
                nan,   0.74319891,   0.71483333,   0.78819048,
         0.76730975,   0.70165729,   0.75403851,   0.6744824 ,
         0.72928854,   0.67279221,   0.6645802 ,   0.70636508,
         0.71784392,   0.72031739,   0.63433003,   0.722329  ,
         0.78427204,          nan,   0.        ,  20.4       ,
        20.6       ,  19.6       ,  18.4       ,  18.2       ,
        19.6       ,  18.4       ,  18.8       ,  18.8       ,
        18.6       ,  19.        ,  19.        ,  18.4       ,
        18.2       ,  19.8       ,  18.4       ,   0.        ,
        19.4       ,  19.        ,  20.2       ,  17.8       ,
        17.8       ,  18.        ,  17.6       ,  18.2       ,
        18.6       ,  19.        ,  21.        ,  19.        ,
        18.        ,  19.6       ,  18.2       ,  19.4       ,
         0.        ,  20.        ,  18.4       ,  18.8       ,
        18.4       ,  18.        ,  19.8       ,  17.2       ,
        18.2       ,  19.2       ,  17.6       ,  17.4       ,
        18.        ,  19.4       ,  19.2       ,  19.8       ,
        18.8       ,   0.        ,  18.        ,  19.        ,
        19.4       ,  18.8       ,  19.4       ,  16.8       ,
        16.8       ,  18.8       ,  17.6       ,  18.4       ,
        17.6       ,  20.4       ,  20.4       ,  18.6       ,
        20.4       ,  20.8       ,   0.        ,  18.        ,
        18.8       ,  19.        ,  18.4       ,  18.6       ,
        17.8       ,  18.        ,  19.6       ,  18.2       ,
        17.6       ,  19.8       ,  20.6       ,  21.        ,
        20.        ,  19.8       ,  20.8       ,   0.        ,
        19.4       ,  22.6       ,  22.6       ,  21.2       ,
        22.4       ,  21.8       ,  20.4       ,  20.2       ,
        23.4       ,  18.8       ,  19.2       ,  21.        ,
        20.4       ,  19.4       ,  20.        ,  19.4       ,
         0.        ,  18.6       ,  19.8       ,  19.        ,
        19.6       ,  19.        ,  18.6       ,  18.8       ,
        20.4       ,  20.2       ,  20.4       ,  20.8       ,
        20.8       ,  20.        ,  19.8       ,  16.2       ,
        20.2       ,   0.        ,  17.6       ,  21.        ,
        21.8       ,  21.2       ,  20.4       ,  20.        ,
        23.2       ,  18.8       ,  20.        ,  21.2       ,
        19.        ,  19.4       ,  20.4       ,  16.2       ,
        19.        ,  21.2       ,   0.        ,  20.        ,
        21.8       ,  21.8       ,  19.6       ,  19.8       ,
        22.4       ,  18.4       ,  20.        ,  20.6       ,
        21.6       ,  22.        ,  20.2       ,  17.6       ,
        19.8       ,  17.8       ,  18.8       ,   0.        ,
        20.4       ,  20.4       ,  19.2       ,  20.4       ,
        18.6       ,  20.8       ,  20.2       ,  20.2       ,
        20.6       ,  22.        ,  21.        ,  16.4       ,
        19.2       ,  17.        ,  17.        ,  18.4       ,
         0.        ,  20.2       ,  18.8       ,  19.        ,
        19.        ,  19.2       ,  19.8       ,  19.8       ,
        19.6       ,  20.        ,  20.8       ,  17.        ,
        19.8       ,  17.6       ,  17.        ,  18.4       ,
        18.6       ,   0.        ,  18.        ,  18.4       ,
        18.8       ,  20.2       ,  19.8       ,  17.8       ,
        21.2       ,  21.2       ,  19.2       ,  18.4       ,
        20.2       ,  18.4       ,  19.2       ,  19.6       ,
        20.        ,  20.8       ,   0.        ,  20.2       ,
        20.6       ,  20.8       ,  20.4       ,  19.8       ,
        21.4       ,  20.4       ,  20.6       ,  18.6       ,
        20.        ,  18.8       ,  19.        ,  18.4       ,
        19.8       ,  20.4       ,  18.6       ,   0.        ,
        19.4       ,  20.4       ,  20.6       ,  20.8       ,
        20.8       ,  21.2       ,  21.2       ,  15.4       ,
        18.4       ,  15.6       ,  16.4       ,  20.2       ,
        19.8       ,  20.        ,  18.2       ,  19.4       ,
         0.        ,  20.6       ,  19.        ,  19.2       ,
        19.4       ,  18.4       ,  19.        ,  20.        ,
        18.6       ,  20.        ,  20.4       ,  18.        ,
        19.6       ,  18.6       ,  18.        ,  18.4       ,
        18.2       ,   0.        ,   0.77715478]), array([  4.75570179e-02,   0.00000000e+00,   0.00000000e+00,
         7.41989898e-02,   9.90689353e-02,   5.25491586e-02,
         5.97912340e-02,   9.75102613e-02,   5.00301777e-02,
         4.73289954e-02,   2.90396279e-02,   8.70038298e-02,
         2.11733967e-02,   1.02268913e-01,   2.85053979e-02,
         4.04732324e-02,   9.15926723e-02,   1.03692915e-01,
         9.28749606e-02,   7.41989898e-02,   9.90689353e-02,
         5.25491586e-02,   5.97912340e-02,   9.75102613e-02,
         5.00301777e-02,   4.73289954e-02,   2.90396279e-02,
         8.70038298e-02,   2.11733967e-02,   1.02268913e-01,
         2.85053979e-02,   4.04732324e-02,   9.15926723e-02,
         1.03692915e-01,   9.28749606e-02,   4.00000000e-01,
         4.00000000e-01,   4.00000000e-01,   4.00000000e-01,
         4.00000000e-01,   4.00000000e-01,   4.00000000e-01,
         4.00000000e-01,   4.00000000e-01,   4.00000000e-01,
         4.00000000e-01,   4.00000000e-01,   4.00000000e-01,
         4.00000000e-01,   4.00000000e-01,   4.00000000e-01,
         0.00000000e+00,   3.71899090e-03,   1.14027856e-02,
                    nan,   7.32268851e-02,   1.07990284e-01,
         8.72449455e-02,   1.16021556e-01,   4.96807481e-02,
         1.10213984e-01,   8.94247404e-02,   5.11667148e-02,
         2.78052957e-02,   7.09032113e-02,   8.68227871e-02,
         7.40749775e-02,   6.06911735e-02,   7.41678871e-02,
         1.15155217e-01,   6.37607958e-02,              nan,
         9.06642012e-02,   6.80329132e-02,   8.74012266e-02,
         6.57809253e-02,   3.86307270e-02,   3.41913591e-02,
         3.29404210e-02,   6.78412532e-02,   9.50516035e-02,
         7.21984801e-02,   5.37377098e-02,   7.50678591e-02,
         1.17518658e-01,   5.43007429e-02,   1.29676879e-01,
         5.24996966e-02,              nan,   7.76971002e-02,
         5.89853455e-02,   4.66604948e-02,   6.06776540e-02,
         7.99926611e-02,   3.61668413e-02,   1.03259092e-01,
         9.87634495e-02,   5.94872296e-02,   5.25009656e-02,
         9.65371605e-02,   5.77777778e-02,   7.21334028e-02,
         5.14232899e-02,   1.01015237e-01,   1.04670841e-01,
                    nan,   1.02145944e-01,   9.39509843e-02,
         7.77872994e-02,   7.80028775e-02,   7.61404598e-02,
         1.20636369e-01,   9.42572745e-02,   5.33665670e-02,
         5.59946779e-02,   6.73258831e-02,   7.42596008e-02,
         6.88099060e-02,   8.84378533e-02,   8.42116036e-02,
         7.66383771e-02,   7.60933751e-02,              nan,
         8.12462315e-02,   1.00088712e-01,   6.94422594e-02,
         9.55928556e-02,   1.60446753e-01,   9.77400397e-02,
         9.02670934e-02,   9.13332189e-02,   5.86600977e-02,
         6.95848808e-02,   8.96584962e-02,   7.60249056e-02,
         3.77421393e-02,   7.79167768e-02,   7.24038337e-02,
         7.34673735e-02,              nan,   6.49589999e-02,
         6.48476301e-02,   5.63047394e-02,   2.71934945e-02,
         5.65177946e-02,   4.80164071e-02,   8.41987783e-02,
         4.74902456e-02,   9.18532277e-02,   1.46421376e-01,
         1.09946660e-01,   5.61755582e-02,   9.07455069e-02,
         9.70927636e-02,   1.28774487e-01,   4.87639904e-02,
                    nan,   3.18906061e-02,   2.06041674e-02,
         4.64309275e-02,   2.73360261e-02,   6.47387090e-03,
         5.67172924e-02,   3.30943376e-02,   8.43482357e-02,
         7.53171617e-02,   4.29312987e-02,   2.48928322e-02,
         1.07672455e-01,   6.87582988e-02,   2.09781118e-02,
         6.36167704e-02,   2.55119299e-02,              nan,
         1.12925719e-01,   3.67038738e-02,   7.19691614e-02,
         2.66479667e-02,   9.02326656e-02,   8.42964452e-02,
         7.88325788e-02,   9.17575464e-02,   6.51249694e-02,
         4.66009102e-02,   7.81803029e-02,   4.57997091e-02,
         1.10536137e-01,   7.36958256e-02,   8.90807170e-02,
         5.79992565e-02,              nan,   2.34706132e-02,
         4.34029780e-02,   6.32288128e-02,   6.29066581e-02,
         2.71540426e-02,   5.93050060e-02,   1.38136623e-01,
         5.91440735e-02,   8.22888370e-02,   5.04015203e-02,
         8.20090145e-02,   6.85008051e-02,   4.30246058e-02,
         5.27662113e-02,   4.38572257e-02,   3.45516183e-02,
                    nan,   6.48715482e-02,   5.71233405e-02,
         3.48938873e-02,   7.44523263e-02,   6.81822284e-02,
         4.62993569e-02,   6.23583557e-02,   8.98418348e-02,
         7.43424341e-02,   4.35677945e-02,   5.82803755e-02,
         8.45203451e-02,   5.02866998e-02,   5.46753490e-02,
         5.04794378e-02,   8.73179178e-02,              nan,
         5.33725208e-02,   5.65180332e-02,   1.61038234e-01,
         1.00201957e-01,   8.56683834e-02,   3.39170613e-02,
         5.57970346e-02,   3.85599337e-02,   8.16820261e-02,
         4.71215921e-02,   7.63852676e-02,   2.12030645e-02,
         9.99419459e-02,   5.77353638e-02,   2.52405090e-02,
         1.06270935e-01,              nan,   9.02652672e-02,
         5.26876064e-02,   6.05447525e-02,   8.55887116e-02,
         5.53811886e-02,   2.20860022e-02,   3.31335481e-02,
         7.03796894e-02,   7.07250701e-02,   5.62125620e-02,
         2.29842412e-02,   4.36895722e-02,   3.99544546e-02,
         9.50271440e-02,   8.23138744e-02,   6.07493521e-02,
                    nan,   4.34990146e-02,   3.44611411e-02,
         9.87104507e-02,   5.37355567e-02,   4.05022287e-02,
         5.74750291e-02,   9.07174626e-02,   6.86301164e-02,
         5.97766443e-02,   6.46625980e-02,   9.20782600e-02,
         5.63072726e-02,   7.51802795e-02,   9.31270582e-02,
         6.77003200e-02,   8.47478976e-02,              nan,
         6.71426166e-02,   5.49621630e-02,   4.69172192e-02,
         1.08505497e-01,   9.05801185e-02,   5.49901693e-02,
         7.56844066e-02,   4.53532369e-02,   2.03448456e-02,
         2.59900508e-02,   6.96773067e-02,   1.21125966e-01,
         5.70970327e-02,   8.63689077e-02,   5.30283794e-02,
         6.94520812e-02,              nan,   8.90811776e-02,
         7.50155539e-02,   7.71313336e-02,   8.83648217e-02,
         1.20592853e-01,   1.34327201e-01,   9.69455480e-02,
         7.61852350e-02,   5.17237039e-02,   8.18647222e-02,
         6.94623632e-02,   8.58240813e-02,   5.74444563e-02,
         5.89012056e-02,   9.74963143e-02,   1.27766689e-01,
                    nan,   0.00000000e+00,   3.49857114e+00,
         1.85472370e+00,   2.05912603e+00,   1.35646600e+00,
         2.13541565e+00,   2.41660919e+00,   1.74355958e+00,
         1.72046505e+00,   2.63818119e+00,   3.92937654e+00,
         2.52982213e+00,   3.03315018e+00,   1.74355958e+00,
         2.03960781e+00,   3.86781592e+00,   3.20000000e+00,
         0.00000000e+00,   2.87054002e+00,   2.75680975e+00,
         2.03960781e+00,   2.31516738e+00,   1.72046505e+00,
         3.22490310e+00,   2.65329983e+00,   3.18747549e+00,
         3.72021505e+00,   3.28633535e+00,   3.74165739e+00,
         2.52982213e+00,   1.41421356e+00,   3.13687743e+00,
         1.72046505e+00,   3.00665928e+00,   0.00000000e+00,
         2.96647939e+00,   2.65329983e+00,   3.24961536e+00,
         1.85472370e+00,   3.03315018e+00,   3.31058907e+00,
         2.22710575e+00,   3.12409987e+00,   2.63818119e+00,
         2.93938769e+00,   2.80000000e+00,   2.19089023e+00,
         3.00665928e+00,   2.31516738e+00,   3.12409987e+00,
         3.05941171e+00,   0.00000000e+00,   3.03315018e+00,
         4.69041576e+00,   8.00000000e-01,   3.65513338e+00,
         4.92341345e+00,   1.72046505e+00,   3.31058907e+00,
         2.78567766e+00,   2.72763634e+00,   3.20000000e+00,
         2.93938769e+00,   2.87054002e+00,   1.20000000e+00,
         2.41660919e+00,   2.41660919e+00,   2.78567766e+00,
         0.00000000e+00,   1.78885438e+00,   3.31058907e+00,
         2.09761770e+00,   2.24499443e+00,   2.72763634e+00,
         2.92574777e+00,   2.44948974e+00,   3.92937654e+00,
         3.05941171e+00,   3.61109402e+00,   1.72046505e+00,
         2.41660919e+00,   2.60768096e+00,   3.52136337e+00,
         4.70744092e+00,   1.93907194e+00,   0.00000000e+00,
         1.49666295e+00,   3.20000000e+00,   1.49666295e+00,
         2.92574777e+00,   3.49857114e+00,   4.40000000e+00,
         3.55527777e+00,   2.31516738e+00,   3.26190129e+00,
         4.26145515e+00,   2.22710575e+00,   1.67332005e+00,
         1.85472370e+00,   8.00000000e-01,   3.09838668e+00,
         1.49666295e+00,   0.00000000e+00,   1.49666295e+00,
         1.46969385e+00,   2.09761770e+00,   1.85472370e+00,
         1.41421356e+00,   8.00000000e-01,   1.60000000e+00,
         1.01980390e+00,   2.63818119e+00,   1.85472370e+00,
         3.54400903e+00,   3.31058907e+00,   3.63318042e+00,
         2.22710575e+00,   2.92574777e+00,   1.46969385e+00,
         0.00000000e+00,   3.20000000e+00,   2.75680975e+00,
         3.60000000e+00,   4.26145515e+00,   3.49857114e+00,
         2.19089023e+00,   3.18747549e+00,   3.70944740e+00,
         2.00000000e+00,   2.92574777e+00,   3.57770876e+00,
         4.92341345e+00,   2.41660919e+00,   1.60000000e+00,
         1.54919334e+00,   3.37045991e+00,   0.00000000e+00,
         3.40587727e+00,   3.18747549e+00,   4.16653333e+00,
         3.26190129e+00,   2.92574777e+00,   3.87814389e+00,
         4.02988834e+00,   2.44948974e+00,   2.93938769e+00,
         2.05912603e+00,   1.54919334e+00,   2.63818119e+00,
         2.72763634e+00,   2.13541565e+00,   2.56124969e+00,
         3.18747549e+00,   0.00000000e+00,   2.41660919e+00,
         1.85472370e+00,   3.05941171e+00,   2.15406592e+00,
         3.00665928e+00,   2.78567766e+00,   3.86781592e+00,
         3.65513338e+00,   3.13687743e+00,   3.28633535e+00,
         3.03315018e+00,   3.20000000e+00,   1.72046505e+00,
         3.34664011e+00,   2.89827535e+00,   2.41660919e+00,
         0.00000000e+00,   3.76297754e+00,   1.83303028e+00,
         2.36643191e+00,   1.67332005e+00,   3.42928564e+00,
         2.31516738e+00,   3.18747549e+00,   2.57681975e+00,
         2.44948974e+00,   2.31516738e+00,   4.04969135e+00,
         1.16619038e+00,   3.92937654e+00,   3.84707681e+00,
         1.62480768e+00,   3.38230691e+00,   0.00000000e+00,
         2.60768096e+00,   2.80000000e+00,   3.18747549e+00,
         4.40000000e+00,   2.85657137e+00,   3.81575681e+00,
         2.85657137e+00,   2.63818119e+00,   3.81575681e+00,
         3.26190129e+00,   7.48331477e-01,   3.20000000e+00,
         2.92574777e+00,   2.80000000e+00,   1.78885438e+00,
         2.85657137e+00,   0.00000000e+00,   2.40000000e+00,
         1.74355958e+00,   3.31058907e+00,   1.85472370e+00,
         2.78567766e+00,   2.93938769e+00,   3.00665928e+00,
         3.07245830e+00,   2.15406592e+00,   1.26491106e+00,
         1.93907194e+00,   2.68328157e+00,   2.05912603e+00,
         2.48193473e+00,   3.20000000e+00,   2.33238076e+00,
         0.00000000e+00,   2.49799920e+00,   3.26190129e+00,
         1.95959179e+00,   1.32664992e+00,   2.03960781e+00,
         2.71293199e+00,   3.42928564e+00,   3.00665928e+00,
         1.01980390e+00,   2.93938769e+00,   3.55527777e+00,
         2.92574777e+00,   1.72046505e+00,   3.40587727e+00,
         1.72046505e+00,   2.41660919e+00,   0.00000000e+00,
         2.72763634e+00,   4.09878031e+00,   3.48711915e+00,
         3.26190129e+00,   3.13687743e+00,   1.89736660e+00,
         4.60434577e+00,   3.00665928e+00,   4.00000000e+00,
         4.31740663e+00,   3.03315018e+00,   3.72021505e+00,
         4.63033476e+00,   3.57770876e+00,   3.61109402e+00,
         3.05941171e+00,   0.00000000e+00,   4.82368555e-03])]}
dataset: synthetic cpu
number of samples: 8192
NONERECALL: 0.001000
CV: 5
Abstention False
Inverse_laplace 64
{'perf': [array([  8.59375524e-02,   0.00000000e+00,   0.00000000e+00,
         6.92140224e-01,   6.36962813e-01,   6.65040627e-01,
         9.00269306e-01,   6.19505848e-01,   6.92140224e-01,
         6.36962813e-01,   6.65040627e-01,   9.00269306e-01,
         6.19505848e-01,   1.63840000e+03,   1.63840000e+03,
         1.63840000e+03,   1.63840000e+03,   1.63840000e+03,
         0.00000000e+00,   6.95976370e-01,   4.44604538e-01,
                    nan,   8.69180669e-01,   7.02983736e-01,
         5.89559425e-01,   7.33652949e-01,   4.53772432e-01,
                    nan,   5.07920365e-01,   4.47719893e-01,
         7.27428832e-01,   7.46482597e-01,   8.22885282e-01,
                    nan,   3.30272738e-01,   7.38393802e-01,
         9.39018190e-01,   9.01387508e-01,   8.91676455e-01,
                    nan,   9.97914678e-01,   6.43984831e-01,
         7.52069890e-01,   6.63211866e-01,   5.71635336e-03,
                    nan,   0.00000000e+00,   9.43600000e+02,
         9.47200000e+02,   5.25400000e+02,   1.02400000e+03,
         6.94800000e+02,   0.00000000e+00,   6.48400000e+02,
         6.57600000e+02,   8.42600000e+02,   6.91200000e+02,
         9.90000000e+02,   0.00000000e+00,   5.29800000e+02,
         1.00600000e+03,   1.11300000e+03,   9.80800000e+02,
         1.10860000e+03,   0.00000000e+00,   1.15080000e+03,
         6.14400000e+02,   7.95800000e+02,   6.32400000e+02,
         4.87600000e+02,   0.00000000e+00,   5.34243888e-01]), array([  9.21866707e-03,   0.00000000e+00,   0.00000000e+00,
         1.44769337e-02,   2.28819053e-02,   1.12925877e-02,
         1.46246956e-02,   1.51299939e-02,   1.44769337e-02,
         2.28819053e-02,   1.12925877e-02,   1.46246956e-02,
         1.51299939e-02,   4.89897949e-01,   4.89897949e-01,
         4.89897949e-01,   4.89897949e-01,   4.89897949e-01,
         0.00000000e+00,   3.10551803e-03,   7.85464012e-03,
                    nan,   1.71677365e-02,   1.64815912e-02,
         1.45793258e-02,   9.84974691e-03,   3.68767876e-02,
                    nan,   2.23503972e-02,   1.89534548e-02,
         9.51322331e-03,   1.31393873e-02,   5.78464718e-03,
                    nan,   2.84437153e-02,   1.22335453e-02,
         1.31557672e-02,   1.30284932e-02,   1.17909415e-02,
                    nan,   8.93207245e-04,   2.42300726e-02,
         1.53578107e-02,   7.11657380e-03,   2.65704281e-03,
                    nan,   0.00000000e+00,   3.00772339e+01,
         2.03017241e+01,   4.92341345e+00,   1.87723200e+01,
         2.99626434e+01,   0.00000000e+00,   2.62876397e+01,
         1.22245654e+01,   3.21284920e+01,   2.05075596e+01,
         2.64272587e+01,   0.00000000e+00,   2.09131538e+01,
         2.16979262e+01,   5.29150262e+00,   1.22049170e+01,
         2.07615028e+01,   0.00000000e+00,   1.99739831e+01,
         1.86826122e+01,   3.20711709e+01,   2.14997674e+01,
         1.96529896e+01,   0.00000000e+00,   1.06172770e-02])]}
dataset: synthetic calhousing
number of samples: 20640
NONERECALL: 0.001000
CV: 5
Abstention False
Inverse_laplace 64
{'perf': [array([  1.24370155e-01,   0.00000000e+00,   0.00000000e+00,
         4.85465116e-01,   7.10707364e-01,   7.71366279e-01,
         7.44089147e-01,   4.85465116e-01,   7.10707364e-01,
         7.71366279e-01,   7.44089147e-01,   4.12800000e+03,
         4.12800000e+03,   4.12800000e+03,   4.12800000e+03,
         0.00000000e+00,   6.66984201e-01,   2.43346253e-01,
                    nan,   3.73056843e-01,   2.29999944e-01,
         5.08131922e-01,   8.05481744e-01,              nan,
         6.26820231e-01,   6.53564386e-01,   8.92873310e-01,
         6.01867366e-01,              nan,   6.45295142e-01,
         7.65686861e-01,   5.60861982e-01,   6.18483067e-01,
                    nan,   0.00000000e+00,   1.90580000e+03,
         1.60060000e+03,   2.12220000e+03,   2.22220000e+03,
         0.00000000e+00,   2.13700000e+03,   2.11000000e+03,
         2.52740000e+03,   1.99100000e+03,   0.00000000e+00,
         2.11780000e+03,   2.00580000e+03,   2.01800000e+03,
         2.01020000e+03,   0.00000000e+00,   5.75545658e-01]), array([  1.14242501e-03,   0.00000000e+00,   0.00000000e+00,
         1.13293387e-02,   1.30467169e-02,   1.27767424e-02,
         1.07483912e-02,   1.13293387e-02,   1.30467169e-02,
         1.27767424e-02,   1.07483912e-02,   0.00000000e+00,
         0.00000000e+00,   0.00000000e+00,   0.00000000e+00,
         0.00000000e+00,   3.57314863e-03,   8.13232192e-03,
                    nan,   1.37751261e-02,   6.92788516e-03,
         1.28796242e-02,   2.23838786e-02,              nan,
         1.28066454e-02,   1.42392764e-02,   4.77240197e-03,
         9.27971747e-03,              nan,   1.21720834e-02,
         1.45906851e-02,   1.01814653e-02,   1.51668786e-02,
                    nan,   0.00000000e+00,   3.55606524e+01,
         1.25634390e+01,   3.79757818e+01,   3.55606524e+01,
         0.00000000e+00,   2.71514272e+01,   4.00749298e+01,
         1.25634390e+01,   2.71514272e+01,   0.00000000e+00,
         4.24282924e+01,   3.79757818e+01,   4.00749298e+01,
         4.24282924e+01,   0.00000000e+00,   3.82062149e-03])]}
dataset: synthetic segment
number of samples: 2310
NONERECALL: 0.001000
CV: 5
Abstention False
Inverse_laplace 64
{'perf': [array([   0.70692641,    0.        ,    0.        ,    0.82077922,
          0.93593074,    0.9030303 ,    0.93982684,    0.87748918,
          0.92077922,    0.94025974,    0.82077922,    0.93593074,
          0.9030303 ,    0.93982684,    0.87748918,    0.92077922,
          0.94025974,  462.        ,  462.        ,  462.        ,
        462.        ,  462.        ,  462.        ,  462.        ,
          0.        ,    0.90444008,    0.9269429 ,           nan,
          0.98500682,    0.94107825,    0.97696324,    0.65540581,
          0.9723551 ,    0.99049124,    0.91478087,           nan,
          0.97565971,    0.98512302,    0.94766643,    0.83687833,
          0.93299503,    0.90620604,    0.99482699,           nan,
          0.97023237,    0.94214868,    0.94484079,    0.99287658,
          0.98371411,    0.99647928,    0.93176204,           nan,
          0.97746792,    0.99145527,    0.98234654,    0.9098471 ,
          0.98989751,    0.92224849,    0.98724043,           nan,
          0.96205384,    0.99176102,    0.9370813 ,    0.98680027,
          0.92128655,    0.91805069,    0.96436122,           nan,
          0.94669422,    0.91212494,    0.98054378,    0.97650021,
          0.96597788,    0.97871528,    0.94440644,           nan,
          0.        ,  372.        ,  235.8       ,  240.4       ,
        185.2       ,  295.6       ,  354.8       ,   90.        ,
          0.        ,   75.8       ,   65.6       ,   88.6       ,
         86.8       ,  181.8       ,  226.2       ,  386.2       ,
          0.        ,  228.        ,  157.2       ,  318.6       ,
        362.6       ,  221.6       ,  396.4       ,  234.        ,
          0.        ,  212.2       ,  397.2       ,  336.8       ,
        276.8       ,  373.4       ,  304.8       ,  249.8       ,
          0.        ,  306.8       ,  362.2       ,  166.4       ,
        375.2       ,  143.4       ,   64.8       ,  155.2       ,
          0.        ,  223.        ,  107.2       ,  280.2       ,
         99.4       ,  125.2       ,   99.8       ,  239.        ,
          0.        ,    0.94848512]), array([  2.55594622e-02,   0.00000000e+00,   0.00000000e+00,
         7.67101522e-03,   7.81622082e-03,   1.06391392e-02,
         9.01847041e-03,   1.67437919e-02,   1.53420304e-02,
         7.69540642e-03,   7.67101522e-03,   7.81622082e-03,
         1.06391392e-02,   9.01847041e-03,   1.67437919e-02,
         1.53420304e-02,   7.69540642e-03,   0.00000000e+00,
         0.00000000e+00,   0.00000000e+00,   0.00000000e+00,
         0.00000000e+00,   0.00000000e+00,   0.00000000e+00,
         0.00000000e+00,   4.17211941e-03,   2.21869702e-03,
                    nan,   5.67409757e-03,   1.15796746e-02,
         3.85779634e-03,   2.37673415e-02,   5.32426841e-03,
         3.76200835e-03,   1.14652680e-02,              nan,
         1.49206192e-02,   1.11123493e-03,   1.07621652e-02,
         1.67690465e-02,   2.04864601e-02,   9.07265792e-03,
         1.70130091e-03,              nan,   1.08008823e-02,
         1.78082640e-02,   1.77681043e-02,   2.79942547e-03,
         7.63662628e-03,   1.25056889e-03,   1.73122187e-02,
                    nan,   8.28338944e-03,   6.13607789e-03,
         6.03459127e-03,   1.72044840e-02,   3.07582099e-03,
         7.81805583e-03,   5.40002686e-03,              nan,
         1.86137346e-02,   1.19619978e-04,   1.87535503e-02,
         4.28802588e-03,   1.50539216e-02,   2.72061486e-02,
         1.20081157e-02,              nan,   2.19057246e-02,
         7.95021759e-03,   8.20995565e-03,   1.23906748e-02,
         1.07557694e-02,   1.05044558e-02,   1.44670743e-02,
                    nan,   0.00000000e+00,   9.85900604e+00,
         2.48193473e+00,   5.88557559e+00,   1.01469207e+01,
         8.47584804e+00,   5.49181209e+00,   9.85900604e+00,
         0.00000000e+00,   8.03492377e+00,   5.12249939e+00,
         9.11262860e+00,   5.91269820e+00,   1.37753403e+01,
         2.48193473e+00,   8.03492377e+00,   0.00000000e+00,
         7.48331477e+00,   8.68101377e+00,   7.49933330e+00,
         5.31413210e+00,   5.88557559e+00,   5.12249939e+00,
         7.48331477e+00,   0.00000000e+00,   8.54166260e+00,
         3.60000000e+00,   8.90842298e+00,   1.01469207e+01,
         9.11262860e+00,   8.68101377e+00,   8.54166260e+00,
         0.00000000e+00,   8.08455317e+00,   5.30659966e+00,
         8.47584804e+00,   5.91269820e+00,   7.49933330e+00,
         3.60000000e+00,   8.08455317e+00,   0.00000000e+00,
         1.67332005e+00,   5.49181209e+00,   1.37753403e+01,
         5.31413210e+00,   8.90842298e+00,   5.30659966e+00,
         1.67332005e+00,   0.00000000e+00,   1.76756676e-03])]}
dataset: synthetic elevators
number of samples: 16599
NONERECALL: 0.001000
CV: 5
Abstention False
Inverse_laplace 64
{'perf': [array([  2.84655507e-01,   0.00000000e+00,   0.00000000e+00,
         6.01061413e-01,   6.47931188e-01,   6.23110750e-01,
         8.57400509e-01,   8.28783873e-01,   8.57460732e-01,
         7.99084043e-01,   7.57756655e-01,   7.87998871e-01,
         6.01061413e-01,   6.47931188e-01,   6.23110750e-01,
         8.57400509e-01,   8.28783873e-01,   8.57460732e-01,
         7.99084043e-01,   7.57756655e-01,   7.87998871e-01,
         3.31980000e+03,   3.31980000e+03,   3.31980000e+03,
         3.31980000e+03,   3.31980000e+03,   3.31980000e+03,
         3.31980000e+03,   3.31980000e+03,   3.31980000e+03,
         0.00000000e+00,   7.44759729e-01,   7.25227567e-01,
                    nan,   2.95754558e-01,   6.50112423e-01,
         2.66462328e-01,   8.26779823e-01,   9.12214325e-01,
         8.61397489e-01,   9.60622985e-01,   6.15141221e-01,
         5.79250029e-01,              nan,   9.25906423e-01,
         5.93498406e-01,   8.25076876e-01,   9.12298722e-01,
         8.59234812e-01,   9.64887898e-01,   8.37601483e-01,
         8.00378555e-01,   9.44251325e-01,              nan,
         3.93990562e-02,   8.79029075e-01,   9.60659482e-01,
         9.15675535e-01,   9.89742013e-01,   7.46847730e-01,
         9.31641271e-01,   9.59642344e-01,   9.49359026e-01,
                    nan,   8.99306492e-01,   9.73323465e-01,
         9.29415909e-01,   9.96080779e-01,   9.43164524e-01,
         9.19181235e-01,   9.22890224e-01,   8.96004565e-01,
         8.80009191e-01,              nan,   8.84512918e-01,
         8.50956606e-01,   9.77996707e-01,   8.36608612e-01,
         9.01155995e-01,   9.23809026e-01,   8.90840364e-01,
         8.84841682e-01,   3.99506775e-01,              nan,
         4.69234440e-01,   9.99337658e-01,   8.19181637e-01,
         9.11822703e-01,   9.26286751e-01,   8.97869598e-01,
         8.82409246e-01,   2.89597314e-01,   8.58412150e-01,
                    nan,   9.87822463e-01,   8.26392050e-01,
         8.45728306e-01,   8.82310494e-01,   8.08329747e-01,
         7.92115600e-01,   1.19059662e-01,   3.33333333e-01,
         9.44535796e-02,              nan,   6.59175016e-01,
         8.23734872e-01,   8.07277615e-01,   8.63218166e-01,
         9.35165668e-01,   9.17029444e-01,   9.92666764e-01,
         9.52191490e-01,   9.99193456e-01,              nan,
         0.00000000e+00,   1.08280000e+03,   1.08320000e+03,
         1.12980000e+03,   1.99000000e+03,   1.96880000e+03,
         1.97880000e+03,   1.96880000e+03,   1.13000000e+03,
         2.23700000e+03,   0.00000000e+00,   1.29100000e+03,
         9.39600000e+02,   1.99120000e+03,   1.98660000e+03,
         1.99200000e+03,   1.98660000e+03,   9.40000000e+02,
         2.23660000e+03,   2.02880000e+03,   0.00000000e+00,
         9.39200000e+02,   1.99120000e+03,   1.98660000e+03,
         1.99200000e+03,   1.98660000e+03,   9.40000000e+02,
         2.19000000e+03,   2.38020000e+03,   2.38060000e+03,
         0.00000000e+00,   1.99540000e+03,   1.98520000e+03,
         1.99200000e+03,   1.98520000e+03,   1.64560000e+03,
         1.32980000e+03,   1.32860000e+03,   1.32860000e+03,
         1.32440000e+03,   0.00000000e+00,   2.90560000e+03,
         2.84420000e+03,   2.90540000e+03,   1.32440000e+03,
         1.35100000e+03,   1.33320000e+03,   1.33320000e+03,
         1.33460000e+03,   4.14200000e+02,   0.00000000e+00,
         1.84800000e+02,   3.31940000e+03,   1.33460000e+03,
         1.34100000e+03,   1.32780000e+03,   1.32780000e+03,
         1.32780000e+03,   4.75600000e+02,   3.13500000e+03,
         0.00000000e+00,   3.13480000e+03,   1.32780000e+03,
         1.35100000e+03,   1.33320000e+03,   1.33320000e+03,
         1.33460000e+03,   4.14400000e+02,   4.00000000e-01,
         1.85000000e+02,   0.00000000e+00,   1.33460000e+03,
         2.18980000e+03,   2.37980000e+03,   2.37980000e+03,
         1.67420000e+03,   1.99540000e+03,   1.98520000e+03,
         1.99200000e+03,   1.98520000e+03,   0.00000000e+00,
         7.31870261e-01]), array([  5.74010147e-03,   0.00000000e+00,   0.00000000e+00,
         1.08421904e-02,   7.61570722e-03,   7.85663355e-03,
         9.85284218e-03,   1.39687130e-02,   6.54962603e-03,
         1.43680448e-02,   3.62057351e-03,   1.16815837e-02,
         1.08421904e-02,   7.61570722e-03,   7.85663355e-03,
         9.85284218e-03,   1.39687130e-02,   6.54962603e-03,
         1.43680448e-02,   3.62057351e-03,   1.16815837e-02,
         4.00000000e-01,   4.00000000e-01,   4.00000000e-01,
         4.00000000e-01,   4.00000000e-01,   4.00000000e-01,
         4.00000000e-01,   4.00000000e-01,   4.00000000e-01,
         0.00000000e+00,   1.23231147e-03,   2.09679891e-03,
                    nan,   9.26787240e-03,   1.96733779e-02,
         2.18788893e-02,   1.19390951e-02,   1.28501560e-03,
         1.16215102e-02,   1.95104248e-03,   2.11537018e-02,
         6.65698822e-03,              nan,   9.02608782e-03,
         6.02647728e-03,   1.03221874e-02,   5.34841589e-03,
         1.37915716e-02,   3.54752472e-03,   3.75259399e-03,
         1.62783419e-02,   6.44037395e-03,              nan,
         6.66559281e-03,   9.06030354e-03,   4.03113611e-03,
         9.57631327e-03,   1.12397061e-03,   1.53082290e-02,
         1.04017495e-02,   3.94707327e-03,   1.34101459e-02,
                    nan,   8.37097794e-03,   2.86381074e-03,
         7.76890428e-03,   9.48085707e-04,   7.86096413e-03,
         7.94494925e-03,   6.54122261e-03,   8.52340501e-03,
         1.05209784e-02,              nan,   9.80679620e-03,
         9.69323658e-03,   4.18003708e-03,   1.47128366e-02,
         8.07198072e-03,   8.51761658e-03,   9.44076347e-03,
         9.76294463e-03,   1.84042237e-02,              nan,
         2.71756688e-02,   2.94941587e-04,   1.06824362e-02,
         7.50766240e-03,   7.47378037e-03,   9.19556724e-03,
         1.26688216e-02,   2.22773235e-02,   9.83507139e-03,
                    nan,   3.08880369e-03,   1.66296802e-02,
         8.46611491e-03,   8.98189575e-03,   1.07472001e-02,
         1.01487152e-02,   9.72711184e-03,   0.00000000e+00,
         1.06061292e-02,              nan,   1.12729536e-02,
         1.30823748e-02,   1.18343460e-02,   1.35488998e-02,
         3.99872362e-03,   8.72326235e-03,   2.19492675e-03,
         8.48677024e-03,   4.08225537e-04,              nan,
         0.00000000e+00,   2.61640975e+01,   2.60261407e+01,
         2.58874487e+01,   1.94010309e+01,   1.76113600e+01,
         1.46615142e+01,   1.76113600e+01,   2.56593063e+01,
         2.58843582e+01,   0.00000000e+00,   1.10272390e+01,
         1.70011764e+01,   1.89145447e+01,   1.77380946e+01,
         1.82756669e+01,   1.77380946e+01,   1.69115345e+01,
         2.57417948e+01,   1.12142766e+01,   0.00000000e+00,
         1.71043854e+01,   1.89145447e+01,   1.77380946e+01,
         1.82756669e+01,   1.77380946e+01,   1.69115345e+01,
         2.56982490e+01,   1.67618615e+01,   1.68712774e+01,
         0.00000000e+00,   2.00658915e+01,   1.89673404e+01,
         1.81548891e+01,   1.89673404e+01,   2.15925913e+01,
         1.92187409e+01,   1.87467330e+01,   1.87467330e+01,
         1.99158229e+01,   0.00000000e+00,   1.02097992e+01,
         1.77696370e+01,   1.03266645e+01,   1.99158229e+01,
         1.79108905e+01,   1.80044439e+01,   1.80044439e+01,
         1.92312246e+01,   1.03614671e+01,   0.00000000e+00,
         8.40000000e+00,   4.89897949e-01,   1.92312246e+01,
         1.48323970e+01,   1.84542678e+01,   1.84542678e+01,
         1.83455717e+01,   1.77380946e+01,   8.31865374e+00,
         0.00000000e+00,   8.56504524e+00,   1.83455717e+01,
         1.79108905e+01,   1.80044439e+01,   1.80044439e+01,
         1.92312246e+01,   1.04804580e+01,   4.89897949e-01,
         8.64869932e+00,   0.00000000e+00,   1.92312246e+01,
         2.54668412e+01,   1.66661333e+01,   1.66661333e+01,
         2.18668699e+01,   2.00658915e+01,   1.89673404e+01,
         1.81548891e+01,   1.89673404e+01,   0.00000000e+00,
         5.58999158e-03])]}
dataset: synthetic pendigits
number of samples: 10992
NONERECALL: 0.001000
CV: 5
Abstention False
Inverse_laplace 64
{'perf': [array([  7.12335990e-01,   0.00000000e+00,   0.00000000e+00,
         9.29767191e-01,   8.02311415e-01,   8.21870765e-01,
         8.39518335e-01,   8.08587906e-01,   9.31222729e-01,
         8.43704331e-01,   8.53438510e-01,   9.23034666e-01,
         9.01929531e-01,   9.29767191e-01,   8.02311415e-01,
         8.21870765e-01,   8.39518335e-01,   8.08587906e-01,
         9.31222729e-01,   8.43704331e-01,   8.53438510e-01,
         9.23034666e-01,   9.01929531e-01,   2.19840000e+03,
         2.19840000e+03,   2.19840000e+03,   2.19840000e+03,
         2.19840000e+03,   2.19840000e+03,   2.19840000e+03,
         2.19840000e+03,   2.19840000e+03,   2.19840000e+03,
         0.00000000e+00,   8.64160206e-01,   9.27769773e-01,
                    nan,   9.75189726e-01,   9.89943345e-01,
         9.85205780e-01,   9.91851846e-01,   9.30603200e-01,
         9.75641053e-01,   9.86324470e-01,   9.71231393e-01,
         9.86538922e-01,   9.78998536e-01,              nan,
         9.85443425e-01,   9.82866962e-01,   9.71578506e-01,
         9.45424447e-01,   9.69074401e-01,   9.57978658e-01,
         9.81583733e-01,   7.29710550e-01,   9.24887402e-01,
         8.74249818e-01,              nan,   8.98917147e-01,
         8.66372133e-01,   9.69354656e-01,   9.14395469e-01,
         8.54162322e-01,   9.69142588e-01,   9.76041014e-01,
         9.39435293e-01,   7.61024589e-01,   9.44799534e-01,
                    nan,   8.76333416e-01,   9.35579824e-01,
         9.56743807e-01,   9.25910874e-01,   9.63208433e-01,
         9.01838839e-01,   8.76314603e-01,   7.73361262e-01,
         9.38471672e-01,   8.97187813e-01,              nan,
         8.81633684e-01,   9.05385935e-01,   8.92208880e-01,
         9.52037398e-01,   7.66247814e-01,   9.94255166e-01,
         9.77408122e-01,   9.97906010e-01,   9.93559336e-01,
         9.98665908e-01,              nan,   9.98900258e-01,
         9.80578734e-01,   9.64049555e-01,   9.89131613e-01,
         9.03165430e-01,   9.18406740e-01,   9.33063194e-01,
         9.51359453e-01,   9.58127204e-01,   9.68300765e-01,
                    nan,   9.00532129e-01,   9.59808996e-01,
         9.46169284e-01,   9.64233559e-01,   9.13896300e-01,
         9.75294688e-01,   9.79420109e-01,   9.55409849e-01,
         9.45205613e-01,   9.82948631e-01,              nan,
         9.61963906e-01,   9.31791293e-01,   9.92538181e-01,
         9.77089589e-01,   9.96423372e-01,   9.93017667e-01,
         9.97083568e-01,   8.67253780e-01,   9.98391986e-01,
         9.86376782e-01,              nan,   9.86814268e-01,
         9.85362953e-01,   9.60048932e-01,   9.95705626e-01,
         9.97660649e-01,   9.97918657e-01,   9.77063438e-01,
         9.55984266e-01,   9.54371967e-01,   9.91294119e-01,
                    nan,   0.00000000e+00,   1.03760000e+03,
         1.74800000e+03,   1.70160000e+03,   1.76500000e+03,
         2.85600000e+02,   1.80460000e+03,   1.19600000e+03,
         3.50400000e+02,   8.08400000e+02,   1.16080000e+03,
         0.00000000e+00,   1.70260000e+03,   1.81940000e+03,
         1.82720000e+03,   8.29200000e+02,   1.32200000e+03,
         1.26400000e+03,   1.03860000e+03,   7.89800000e+02,
         4.50400000e+02,   4.95800000e+02,   0.00000000e+00,
         1.00000000e+03,   1.01220000e+03,   2.91200000e+02,
         9.37200000e+02,   4.85000000e+02,   3.02200000e+02,
         4.31800000e+02,   4.96800000e+02,   3.79000000e+02,
         1.19840000e+03,   0.00000000e+00,   9.95800000e+02,
         3.09600000e+02,   8.02600000e+02,   6.08200000e+02,
         3.66200000e+02,   2.35000000e+02,   4.33400000e+02,
         3.71200000e+02,   1.18620000e+03,   1.20260000e+03,
         0.00000000e+00,   2.47800000e+02,   7.58400000e+02,
         4.78200000e+02,   2.77800000e+02,   2.75600000e+02,
         1.91280000e+03,   1.36920000e+03,   1.90720000e+03,
         1.88880000e+03,   1.95060000e+03,   0.00000000e+00,
         1.99160000e+03,   1.68640000e+03,   1.57280000e+03,
         1.37840000e+03,   3.93800000e+02,   8.76400000e+02,
         1.26120000e+03,   1.39580000e+03,   1.44000000e+03,
         2.06800000e+02,   0.00000000e+00,   5.71400000e+02,
         2.13000000e+02,   5.73600000e+02,   1.00240000e+03,
         9.34400000e+02,   1.71340000e+03,   1.59020000e+03,
         1.72020000e+03,   5.12000000e+02,   1.62700000e+03,
         0.00000000e+00,   7.02800000e+02,   7.77200000e+02,
         1.84800000e+03,   1.15980000e+03,   1.89620000e+03,
         1.83220000e+03,   1.92060000e+03,   6.25600000e+02,
         1.98540000e+03,   1.49560000e+03,   0.00000000e+00,
         1.30380000e+03,   1.39000000e+03,   1.40860000e+03,
         1.76660000e+03,   1.96340000e+03,   1.92280000e+03,
         8.20000000e+02,   1.62480000e+03,   1.42120000e+03,
         8.94600000e+02,   0.00000000e+00,   9.44706975e-01]), array([  7.85869769e-03,   0.00000000e+00,   0.00000000e+00,
         3.94931433e-03,   6.20667658e-03,   2.99258489e-03,
         8.21038216e-03,   1.42459112e-02,   7.04443217e-03,
         5.71817444e-03,   2.72387496e-03,   6.95247041e-03,
         6.92654939e-03,   3.94931433e-03,   6.20667658e-03,
         2.99258489e-03,   8.21038216e-03,   1.42459112e-02,
         7.04443217e-03,   5.71817444e-03,   2.72387496e-03,
         6.95247041e-03,   6.92654939e-03,   4.89897949e-01,
         4.89897949e-01,   4.89897949e-01,   4.89897949e-01,
         4.89897949e-01,   4.89897949e-01,   4.89897949e-01,
         4.89897949e-01,   4.89897949e-01,   4.89897949e-01,
         0.00000000e+00,   2.28963759e-03,   6.87894012e-04,
                    nan,   4.28114921e-03,   2.85426445e-03,
         2.05799876e-03,   2.27745211e-03,   1.67267685e-02,
         3.30667456e-03,   3.28682081e-03,   1.09221604e-02,
         5.84102205e-03,   1.71968357e-03,              nan,
         2.34889939e-03,   3.84693235e-03,   2.95705207e-03,
         7.53485817e-03,   5.20614186e-03,   5.08066333e-03,
         3.53598340e-03,   1.00649733e-02,   1.07944528e-02,
         7.30459116e-03,              nan,   6.51211259e-03,
         9.76716574e-03,   9.97493793e-03,   1.03274195e-02,
         1.18023190e-02,   9.21387588e-03,   9.86347729e-03,
         5.45357607e-03,   1.89584126e-02,   5.97291398e-03,
                    nan,   8.75702857e-03,   1.28171927e-02,
         4.82411725e-03,   3.34404240e-03,   5.73576208e-03,
         1.05205137e-02,   1.25397125e-02,   8.57246443e-03,
         1.07649052e-02,   8.61034471e-03,              nan,
         6.49888352e-03,   1.87902555e-02,   9.34293340e-03,
         1.25539577e-02,   1.32679515e-02,   1.09528129e-03,
         5.96075192e-03,   8.76057324e-04,   1.60054971e-03,
         5.27492971e-04,              nan,   9.62628406e-04,
         2.87814312e-03,   5.07016772e-03,   3.31892987e-03,
         1.90141780e-02,   4.57883902e-03,   7.99087079e-03,
         1.88329036e-03,   1.74681708e-03,   2.08274746e-02,
                    nan,   1.75896790e-02,   4.93133039e-03,
         1.77798797e-03,   6.28131434e-03,   7.92481865e-03,
         3.68888279e-03,   3.60205959e-03,   3.23277445e-03,
         1.27251385e-02,   3.10929665e-03,              nan,
         5.27212940e-03,   3.94197540e-03,   1.39313226e-03,
         6.91343648e-03,   1.45103250e-03,   1.28467579e-03,
         9.74373739e-04,   1.41360010e-02,   1.06706097e-03,
         1.72809145e-03,              nan,   4.12818087e-03,
         4.41686087e-03,   9.74378703e-03,   9.73569582e-04,
         3.97683050e-04,   1.04791359e-03,   5.96249436e-03,
         3.36496522e-03,   6.11940098e-03,   3.31476106e-03,
                    nan,   0.00000000e+00,   1.36029409e+01,
         9.73652916e+00,   5.08330601e+00,   1.96061215e+01,
         6.31189354e+00,   7.52595509e+00,   1.40000000e+01,
         6.08604962e+00,   1.98655481e+01,   1.32574507e+01,
         0.00000000e+00,   1.30935098e+01,   1.34551106e+01,
         9.43186090e+00,   8.47112743e+00,   2.08710326e+01,
         4.33589668e+00,   1.20432554e+01,   7.46726188e+00,
         9.72830921e+00,   1.30445391e+01,   0.00000000e+00,
         2.32551070e+01,   1.83455717e+01,   1.05147515e+01,
         1.03614671e+01,   9.20869155e+00,   1.02254584e+01,
         8.37615664e+00,   5.26877595e+00,   1.32514150e+01,
         2.32086191e+01,   0.00000000e+00,   1.82142801e+01,
         1.52394226e+01,   1.29398609e+01,   1.00279609e+01,
         1.17541482e+01,   1.44775689e+01,   1.92416216e+01,
         9.10823803e+00,   1.79933321e+01,   1.81614977e+01,
         0.00000000e+00,   9.70360758e+00,   1.14995652e+01,
         1.46615142e+01,   7.83326241e+00,   1.04038454e+01,
         6.43117408e+00,   8.58836422e+00,   1.07962957e+01,
         1.53935051e+01,   1.00518655e+01,   0.00000000e+00,
         1.27530389e+01,   6.01996678e+00,   1.27499020e+01,
         1.17915224e+01,   7.73045924e+00,   2.11716792e+01,
         1.02645019e+01,   1.31057239e+01,   1.17813412e+01,
         1.29367693e+01,   0.00000000e+00,   1.22898332e+01,
         1.18321596e+01,   1.64268074e+01,   1.40655608e+01,
         4.27083130e+00,   9.52050419e+00,   9.94786409e+00,
         1.49184450e+01,   6.13188389e+00,   1.22311079e+01,
         0.00000000e+00,   6.43117408e+00,   1.52761252e+01,
         6.48074070e+00,   1.22212929e+01,   1.05147515e+01,
         1.20233107e+01,   8.21218607e+00,   1.29861465e+01,
         1.16378692e+01,   6.77052435e+00,   0.00000000e+00,
         1.96203975e+01,   1.99499373e+01,   7.55248304e+00,
         8.06473806e+00,   1.45134420e+01,   1.07962957e+01,
         1.15238882e+01,   1.64243721e+01,   1.51710250e+01,
         1.93142434e+01,   0.00000000e+00,   6.12572411e-04])]}
dataset: synthetic fried
number of samples: 40768
NONERECALL: 0.001000
CV: 5
Abstention False
Inverse_laplace 64
{'perf': [array([  9.99264123e-01,   0.00000000e+00,   0.00000000e+00,
         8.47478475e-01,   8.36268834e-01,   8.21624872e-01,
         8.06146915e-01,   7.98714528e-01,   8.47478475e-01,
         8.36268834e-01,   8.21624872e-01,   8.06146915e-01,
         7.98714528e-01,   8.15360000e+03,   8.15360000e+03,
         8.15360000e+03,   8.15360000e+03,   8.15360000e+03,
         0.00000000e+00,   8.21841247e-01,   9.99708918e-01,
                    nan,   9.99654121e-01,   9.99461710e-01,
         9.99756230e-01,   9.99705738e-01,   9.99657398e-01,
                    nan,   9.99706892e-01,   9.99708303e-01,
         9.99705000e-01,   9.99558347e-01,   9.99559520e-01,
                    nan,   9.99754355e-01,   9.99607005e-01,
         9.99753393e-01,   9.99607932e-01,   9.99755176e-01,
                    nan,   9.99608668e-01,   9.99608957e-01,
         9.99706467e-01,   9.99507768e-01,   9.99655317e-01,
                    nan,   0.00000000e+00,   4.05880000e+03,
         4.07220000e+03,   4.10040000e+03,   4.07800000e+03,
         4.09480000e+03,   0.00000000e+00,   4.08440000e+03,
         4.09580000e+03,   4.07960000e+03,   4.08140000e+03,
         4.06920000e+03,   0.00000000e+00,   4.07000000e+03,
         4.09420000e+03,   4.05320000e+03,   4.05780000e+03,
         4.08360000e+03,   0.00000000e+00,   4.08320000e+03,
         4.07560000e+03,   4.07400000e+03,   4.05940000e+03,
         4.07040000e+03,   0.00000000e+00,   9.99651898e-01]), array([  1.73472055e-04,   0.00000000e+00,   0.00000000e+00,
         3.22016275e-03,   3.49880745e-03,   2.09218931e-03,
         2.70222550e-03,   3.68209551e-03,   3.22016275e-03,
         3.49880745e-03,   2.09218931e-03,   2.70222550e-03,
         3.68209551e-03,   4.89897949e-01,   4.89897949e-01,
         4.89897949e-01,   4.89897949e-01,   4.89897949e-01,
         0.00000000e+00,   8.37708864e-04,   8.70970805e-05,
                    nan,   1.24217009e-04,   2.81076960e-04,
         1.56578790e-06,   9.85530768e-05,   1.22235337e-04,
                    nan,   9.53507652e-05,   9.22140423e-05,
         1.02280671e-04,   1.84954335e-04,   3.88628576e-04,
                    nan,   4.02852270e-06,   2.00894727e-04,
         1.61446039e-06,   1.91888219e-04,   3.86492555e-06,
                    nan,   1.18948858e-04,   1.91737634e-04,
         9.39988221e-05,   2.68804174e-04,   1.23183764e-04,
                    nan,   0.00000000e+00,   6.45210043e+01,
         5.11914055e+01,   2.64317990e+01,   4.94206435e+01,
         6.41573067e+01,   0.00000000e+00,   3.17590932e+01,
         6.22684511e+01,   5.67365843e+01,   5.13521178e+01,
         3.18395980e+01,   0.00000000e+00,   6.56780024e+01,
         6.72826872e+01,   2.64680940e+01,   6.24416528e+01,
         6.55090833e+01,   0.00000000e+00,   3.58407589e+01,
         4.94716080e+01,   5.70298168e+01,   6.72951707e+01,
         3.62414128e+01,   0.00000000e+00,   3.40645338e-05])]}
