K = 20
dataset: synthetic iris
time = 81.292834
{'perf': [array([  0.93333333,   0.        ,   0.        ,   0.96666667,
         0.98666667,   0.98      ,   0.96666667,   0.98666667,
         0.98      ,  30.        ,  30.        ,  30.        ,
         0.        ,   0.97749427,   0.95555556,          nan,
         0.91688914,   0.90490196,   0.92669192,          nan,
         0.94647686,   0.92005348,   0.89789377,          nan,
         0.        ,  15.6       ,  14.6       ,  14.4       ,
         0.        ,  20.        ,  15.4       ,  10.        ,
         0.        ,   0.91831137]), array([ 0.03651484,  0.        ,  0.        ,  0.03651484,  0.01632993,
        0.01632993,  0.03651484,  0.01632993,  0.01632993,  0.        ,
        0.        ,  0.        ,  0.        ,  0.01246056,  0.02434322,
               nan,  0.03174427,  0.04097888,  0.01480315,         nan,
        0.01178803,  0.02531773,  0.03202773,         nan,  0.        ,
        3.61109402,  2.33238076,  3.61109402,  0.        ,  2.0976177 ,
        2.33238076,  2.0976177 ,  0.        ,  0.0111255 ])]}
K = 20
dataset: synthetic bodyfat
time = 82.779136
{'perf': [array([  1.97647059e-02,   0.00000000e+00,   0.00000000e+00,
         5.82823529e-01,   6.51058824e-01,   5.91529412e-01,
         5.99058824e-01,   6.27137255e-01,   6.66666667e-01,
         5.71372549e-01,   5.82823529e-01,   6.51058824e-01,
         5.91529412e-01,   5.99058824e-01,   6.27137255e-01,
         6.66666667e-01,   5.71372549e-01,   5.04000000e+01,
         5.04000000e+01,   5.04000000e+01,   5.04000000e+01,
         5.04000000e+01,   5.04000000e+01,   5.04000000e+01,
         0.00000000e+00,   6.09537734e-01,   2.27346405e-01,
                    nan,   5.15348984e-01,   5.61786201e-01,
         6.70009158e-01,   5.27167255e-01,   4.96184265e-01,
         7.26823783e-01,   6.41164569e-01,              nan,
         6.11472149e-01,   7.31540609e-01,   6.00697451e-01,
         5.30826576e-01,   7.04067460e-01,   5.33320680e-01,
         5.60245042e-01,              nan,   6.72662255e-01,
         5.26486604e-01,   5.19371633e-01,   7.16591050e-01,
         5.49973462e-01,   5.58562959e-01,   5.54850322e-01,
                    nan,   6.00291005e-01,   4.62117216e-01,
         7.01357228e-01,   5.37188380e-01,   5.02281052e-01,
         6.08423280e-01,   6.33626374e-01,              nan,
         4.75749241e-01,   7.46989394e-01,   7.06650929e-01,
         6.75628969e-01,   7.20100478e-01,   6.68517115e-01,
         7.35118508e-01,              nan,   8.00977758e-01,
         5.66130268e-01,   5.69205094e-01,   5.46483516e-01,
         5.97208539e-01,   5.80231212e-01,   4.51815592e-01,
                    nan,   0.00000000e+00,   2.60000000e+01,
         2.38000000e+01,   2.58000000e+01,   2.64000000e+01,
         2.22000000e+01,   2.48000000e+01,   2.44000000e+01,
         0.00000000e+00,   2.46000000e+01,   2.60000000e+01,
         2.64000000e+01,   2.38000000e+01,   2.48000000e+01,
         2.66000000e+01,   2.58000000e+01,   0.00000000e+00,
         2.68000000e+01,   2.54000000e+01,   2.44000000e+01,
         2.40000000e+01,   2.46000000e+01,   2.44000000e+01,
         2.36000000e+01,   0.00000000e+00,   2.44000000e+01,
         2.50000000e+01,   2.50000000e+01,   2.40000000e+01,
         2.40000000e+01,   2.50000000e+01,   2.60000000e+01,
         0.00000000e+00,   2.44000000e+01,   2.64000000e+01,
         2.82000000e+01,   2.66000000e+01,   2.60000000e+01,
         2.54000000e+01,   2.60000000e+01,   0.00000000e+00,
         2.74000000e+01,   2.56000000e+01,   2.56000000e+01,
         2.64000000e+01,   2.54000000e+01,   2.40000000e+01,
         2.30000000e+01,   0.00000000e+00,   5.92905989e-01]), array([ 0.01771508,  0.        ,  0.        ,  0.05953628,  0.06829044,
        0.0455244 ,  0.04370014,  0.0542524 ,  0.07040892,  0.0415331 ,
        0.05953628,  0.06829044,  0.0455244 ,  0.04370014,  0.0542524 ,
        0.07040892,  0.0415331 ,  0.48989795,  0.48989795,  0.48989795,
        0.48989795,  0.48989795,  0.48989795,  0.48989795,  0.        ,
        0.01121244,  0.05053111,         nan,  0.04489784,  0.14996788,
        0.08712536,  0.09345222,  0.11380776,  0.07645987,  0.10614134,
               nan,  0.06569219,  0.12217098,  0.06140907,  0.05785551,
        0.08610494,  0.09973559,  0.01891755,         nan,  0.08357213,
        0.07662828,  0.08826548,  0.05143287,  0.03978498,  0.04494985,
        0.03827207,         nan,  0.11417305,  0.06893047,  0.08035998,
        0.03357582,  0.09655933,  0.05929804,  0.0529683 ,         nan,
        0.10678513,  0.04718505,  0.03337002,  0.05668247,  0.05399558,
        0.12964056,  0.07046081,         nan,  0.09970178,  0.03344548,
        0.03517264,  0.11052542,  0.06544364,  0.0607859 ,  0.08537734,
               nan,  0.        ,  4.14728827,  1.46969385,  2.22710575,
        1.74355958,  2.31516738,  1.72046505,  4.54312668,  0.        ,
        1.74355958,  5.09901951,  4.45421149,  2.78567766,  5.30659966,
        1.356466  ,  1.6       ,  0.        ,  2.71293199,  1.0198039 ,
        2.05912603,  3.74165739,  2.41660919,  4.7581509 ,  2.87054002,
        0.        ,  1.62480768,  1.78885438,  2.0976177 ,  2.        ,
        4.33589668,  1.09544512,  1.78885438,  0.        ,  2.72763634,
        5.0039984 ,  2.63818119,  2.57681975,  1.8973666 ,  2.15406592,
        2.60768096,  0.        ,  1.8547237 ,  1.74355958,  5.08330601,
        3.49857114,  1.74355958,  4.89897949,  1.67332005,  0.        ,
        0.02270442])]}
K = 20
dataset: synthetic wine
time = 97.166684
{'perf': [array([  0.91587302,   0.        ,   0.        ,   0.99444444,
         0.93253968,   0.98888889,   0.99444444,   0.93253968,
         0.98888889,  35.6       ,  35.6       ,  35.6       ,
         0.        ,   0.97147948,   0.93640212,          nan,
         0.95516582,   0.95570191,   0.81183842,          nan,
         0.94137464,   0.88823954,   0.91044872,          nan,
         0.        ,  20.4       ,  24.8       ,  15.2       ,
         0.        ,  25.8       ,  10.8       ,   9.8       ,
         0.        ,   0.90854912]), array([  1.70883908e-02,   0.00000000e+00,   0.00000000e+00,
         1.11111111e-02,   1.39646460e-02,   1.36082763e-02,
         1.11111111e-02,   1.39646460e-02,   1.36082763e-02,
         4.89897949e-01,   4.89897949e-01,   4.89897949e-01,
         0.00000000e+00,   5.79145674e-03,   1.88627121e-02,
                    nan,   2.86718125e-03,   1.07484296e-02,
         4.67267170e-02,              nan,   2.03275455e-02,
         3.83241189e-02,   2.14275226e-02,              nan,
         0.00000000e+00,   1.49666295e+00,   3.12409987e+00,
         1.72046505e+00,   0.00000000e+00,   2.85657137e+00,
         3.05941171e+00,   2.71293199e+00,   0.00000000e+00,
         5.23370769e-03])]}
K = 20
dataset: synthetic wisconsin
time = 293.984232
{'perf': [array([  1.53846154e-02,   0.00000000e+00,   0.00000000e+00,
         6.49797571e-01,   4.06882591e-01,   3.91902834e-01,
         4.89743590e-01,   5.00000000e-01,   7.57219973e-01,
         5.05398111e-01,   7.01079622e-01,   7.57489879e-01,
         5.93252362e-01,   7.93657220e-01,   5.97300945e-01,
         6.69635628e-01,   5.25506073e-01,   6.38866397e-01,
         4.75168691e-01,   6.49797571e-01,   4.06882591e-01,
         3.91902834e-01,   4.89743590e-01,   5.00000000e-01,
         7.57219973e-01,   5.05398111e-01,   7.01079622e-01,
         7.57489879e-01,   5.93252362e-01,   7.93657220e-01,
         5.97300945e-01,   6.69635628e-01,   5.25506073e-01,
         6.38866397e-01,   4.75168691e-01,   3.88000000e+01,
         3.88000000e+01,   3.88000000e+01,   3.88000000e+01,
         3.88000000e+01,   3.88000000e+01,   3.88000000e+01,
         3.88000000e+01,   3.88000000e+01,   3.88000000e+01,
         3.88000000e+01,   3.88000000e+01,   3.88000000e+01,
         3.88000000e+01,   3.88000000e+01,   3.88000000e+01,
         0.00000000e+00,   5.69958147e-01,   4.77139001e-01,
                    nan,   8.33507625e-01,   8.38122153e-01,
         8.41466165e-01,   6.98229665e-01,   6.68283630e-01,
         8.63947368e-01,   6.54010695e-01,   7.05751302e-01,
         6.43503608e-01,   6.47348178e-01,   6.36286550e-01,
         6.20133199e-01,   6.49747557e-01,   7.14590643e-01,
         8.75273654e-01,   3.99726545e-01,              nan,
         7.30043615e-01,   6.85412249e-01,   5.59264069e-01,
         6.14713142e-01,   7.19031274e-01,   5.85749373e-01,
         6.12213142e-01,   6.29535075e-01,   5.54842423e-01,
         6.22913534e-01,   4.24623188e-01,   5.86286550e-01,
         6.69548113e-01,   7.63033847e-01,   4.40884094e-01,
         4.25328173e-01,              nan,   6.37553260e-01,
         5.56859797e-01,   5.72329004e-01,   7.40977047e-01,
         5.71690590e-01,   5.39018952e-01,   6.78851797e-01,
         5.78883838e-01,   5.63235653e-01,   4.92550505e-01,
         6.37012987e-01,   6.46666667e-01,   7.07754386e-01,
         4.02762753e-01,   6.07212121e-01,   7.11058897e-01,
                    nan,   4.52323657e-01,   6.43395445e-01,
         7.02691511e-01,   6.27277433e-01,   6.17714286e-01,
         6.18769741e-01,   5.77738658e-01,   6.21024845e-01,
         4.93744779e-01,   6.44552430e-01,   5.70959596e-01,
         7.13322677e-01,   4.35093168e-01,   6.69271127e-01,
         7.67173474e-01,   7.23092697e-01,              nan,
         6.87093402e-01,   8.16789735e-01,   6.64646096e-01,
         6.85119048e-01,   5.74606248e-01,   5.57387955e-01,
         6.07729469e-01,   5.52190573e-01,   5.68181818e-01,
         6.73181965e-01,   8.34937145e-01,   9.03954493e-01,
         8.42249921e-01,   8.58072320e-01,   8.46371844e-01,
         9.10914086e-01,              nan,   8.67251082e-01,
         7.80142272e-01,   7.57778555e-01,   9.27508981e-01,
         8.92954204e-01,   8.96846209e-01,   9.11436582e-01,
         8.91831426e-01,   9.04815810e-01,   8.21091365e-01,
         5.92499364e-01,   6.19869565e-01,   7.41692641e-01,
         5.91991342e-01,   5.90230179e-01,   7.11343576e-01,
                    nan,   7.37777778e-01,   6.61348034e-01,
         6.66080201e-01,   5.30104362e-01,   6.54672650e-01,
         6.05670996e-01,   6.38080808e-01,   6.22026162e-01,
         7.25797101e-01,   8.91974692e-01,   8.23754442e-01,
         8.65648723e-01,   8.01367761e-01,   8.88727939e-01,
         4.28418640e-01,   8.53038961e-01,              nan,
         6.48051948e-01,   9.17896940e-01,   8.87628687e-01,
         8.98115385e-01,   8.94690144e-01,   8.90994987e-01,
         9.03922514e-01,   8.24728544e-01,   8.90540066e-01,
         8.34729858e-01,   8.88779461e-01,   8.64149621e-01,
         9.08864839e-01,   6.87984668e-01,   8.92142857e-01,
         6.68091954e-01,              nan,   9.14962963e-01,
         9.26958422e-01,   9.19676076e-01,   9.04608696e-01,
         8.83472621e-01,   8.86519037e-01,   8.02026541e-01,
         7.40645022e-01,   7.78170777e-01,   8.22063545e-01,
         7.44761905e-01,   7.54817646e-01,   7.53668333e-01,
         8.53416149e-01,   7.84324769e-01,   7.11896135e-01,
                    nan,   5.75541126e-01,   7.70393939e-01,
         7.64855400e-01,   7.24935273e-01,   5.39056391e-01,
         7.28903078e-01,   8.67926370e-01,   8.53470288e-01,
         8.68800385e-01,   8.33344070e-01,   8.55866745e-01,
         7.39447895e-01,   9.16335156e-01,   7.58465473e-01,
         7.57050686e-01,   6.79222661e-01,              nan,
         8.39258640e-01,   7.69885584e-01,   7.96262626e-01,
         6.96166635e-01,   8.41575387e-01,   6.88539283e-01,
         8.58612825e-01,   8.41796791e-01,   8.29339585e-01,
         7.38000000e-01,   7.06826654e-01,   8.92296254e-01,
         7.29366973e-01,   6.96395722e-01,   5.65580618e-01,
         3.41193670e-01,              nan,   6.43922141e-01,
         6.85829960e-01,   6.68620915e-01,   7.67272080e-01,
         7.53919414e-01,   8.07870370e-01,   8.82605959e-01,
         8.52259436e-01,   7.81298062e-01,   6.68379227e-01,
         9.00282326e-01,   6.69483376e-01,   7.15131334e-01,
         6.55289003e-01,   6.70151515e-01,   6.75977925e-01,
                    nan,   7.12698413e-01,   7.43212121e-01,
         8.58333333e-01,   7.07212121e-01,   7.86726163e-01,
         8.44444444e-01,   8.54949090e-01,   7.54367854e-01,
         7.64922913e-01,   8.39026915e-01,   8.17446779e-01,
         7.21825397e-01,   6.10254804e-01,   5.13835749e-01,
         7.04166667e-01,   6.66867168e-01,              nan,
         5.60993743e-01,   7.42919882e-01,   7.31185355e-01,
         7.62708827e-01,   8.23358505e-01,   7.45258531e-01,
         7.98831756e-01,   8.53095238e-01,   8.92533607e-01,
         8.54565826e-01,   8.19089636e-01,   5.97885689e-01,
         5.38614719e-01,   7.72931996e-01,   7.90681050e-01,
         6.38342689e-01,              nan,   7.91957166e-01,
         5.15500000e-01,   6.05619048e-01,   6.67180733e-01,
         5.18123377e-01,   6.10099111e-01,   5.91614907e-01,
         5.89512516e-01,   6.09448052e-01,   5.51146617e-01,
         6.29317460e-01,   4.71335979e-01,   5.39875702e-01,
         5.11441648e-01,   5.93575758e-01,   7.06604010e-01,
                    nan,   0.00000000e+00,   2.04000000e+01,
         2.06000000e+01,   1.96000000e+01,   1.84000000e+01,
         1.82000000e+01,   1.96000000e+01,   1.84000000e+01,
         1.88000000e+01,   1.88000000e+01,   1.86000000e+01,
         1.90000000e+01,   1.90000000e+01,   1.84000000e+01,
         1.82000000e+01,   1.98000000e+01,   1.84000000e+01,
         0.00000000e+00,   1.94000000e+01,   1.90000000e+01,
         2.02000000e+01,   1.78000000e+01,   1.78000000e+01,
         1.80000000e+01,   1.76000000e+01,   1.82000000e+01,
         1.86000000e+01,   1.90000000e+01,   2.10000000e+01,
         1.90000000e+01,   1.80000000e+01,   1.96000000e+01,
         1.82000000e+01,   1.94000000e+01,   0.00000000e+00,
         2.00000000e+01,   1.84000000e+01,   1.88000000e+01,
         1.84000000e+01,   1.80000000e+01,   1.98000000e+01,
         1.72000000e+01,   1.82000000e+01,   1.92000000e+01,
         1.76000000e+01,   1.74000000e+01,   1.80000000e+01,
         1.94000000e+01,   1.92000000e+01,   1.98000000e+01,
         1.88000000e+01,   0.00000000e+00,   1.80000000e+01,
         1.90000000e+01,   1.94000000e+01,   1.88000000e+01,
         1.94000000e+01,   1.68000000e+01,   1.68000000e+01,
         1.88000000e+01,   1.76000000e+01,   1.84000000e+01,
         1.76000000e+01,   2.04000000e+01,   2.04000000e+01,
         1.86000000e+01,   2.04000000e+01,   2.08000000e+01,
         0.00000000e+00,   1.80000000e+01,   1.88000000e+01,
         1.90000000e+01,   1.84000000e+01,   1.86000000e+01,
         1.78000000e+01,   1.80000000e+01,   1.96000000e+01,
         1.82000000e+01,   1.76000000e+01,   1.98000000e+01,
         2.06000000e+01,   2.10000000e+01,   2.00000000e+01,
         1.98000000e+01,   2.08000000e+01,   0.00000000e+00,
         1.94000000e+01,   2.26000000e+01,   2.26000000e+01,
         2.12000000e+01,   2.24000000e+01,   2.18000000e+01,
         2.04000000e+01,   2.02000000e+01,   2.34000000e+01,
         1.88000000e+01,   1.92000000e+01,   2.10000000e+01,
         2.04000000e+01,   1.94000000e+01,   2.00000000e+01,
         1.94000000e+01,   0.00000000e+00,   1.86000000e+01,
         1.98000000e+01,   1.90000000e+01,   1.96000000e+01,
         1.90000000e+01,   1.86000000e+01,   1.88000000e+01,
         2.04000000e+01,   2.02000000e+01,   2.04000000e+01,
         2.08000000e+01,   2.08000000e+01,   2.00000000e+01,
         1.98000000e+01,   1.62000000e+01,   2.02000000e+01,
         0.00000000e+00,   1.76000000e+01,   2.10000000e+01,
         2.18000000e+01,   2.12000000e+01,   2.04000000e+01,
         2.00000000e+01,   2.32000000e+01,   1.88000000e+01,
         2.00000000e+01,   2.12000000e+01,   1.90000000e+01,
         1.94000000e+01,   2.04000000e+01,   1.62000000e+01,
         1.90000000e+01,   2.12000000e+01,   0.00000000e+00,
         2.00000000e+01,   2.18000000e+01,   2.18000000e+01,
         1.96000000e+01,   1.98000000e+01,   2.24000000e+01,
         1.84000000e+01,   2.00000000e+01,   2.06000000e+01,
         2.16000000e+01,   2.20000000e+01,   2.02000000e+01,
         1.76000000e+01,   1.98000000e+01,   1.78000000e+01,
         1.88000000e+01,   0.00000000e+00,   2.04000000e+01,
         2.04000000e+01,   1.92000000e+01,   2.04000000e+01,
         1.86000000e+01,   2.08000000e+01,   2.02000000e+01,
         2.02000000e+01,   2.06000000e+01,   2.20000000e+01,
         2.10000000e+01,   1.64000000e+01,   1.92000000e+01,
         1.70000000e+01,   1.70000000e+01,   1.84000000e+01,
         0.00000000e+00,   2.02000000e+01,   1.88000000e+01,
         1.90000000e+01,   1.90000000e+01,   1.92000000e+01,
         1.98000000e+01,   1.98000000e+01,   1.96000000e+01,
         2.00000000e+01,   2.08000000e+01,   1.70000000e+01,
         1.98000000e+01,   1.76000000e+01,   1.70000000e+01,
         1.84000000e+01,   1.86000000e+01,   0.00000000e+00,
         1.80000000e+01,   1.84000000e+01,   1.88000000e+01,
         2.02000000e+01,   1.98000000e+01,   1.78000000e+01,
         2.12000000e+01,   2.12000000e+01,   1.92000000e+01,
         1.84000000e+01,   2.02000000e+01,   1.84000000e+01,
         1.92000000e+01,   1.96000000e+01,   2.00000000e+01,
         2.08000000e+01,   0.00000000e+00,   2.02000000e+01,
         2.06000000e+01,   2.08000000e+01,   2.04000000e+01,
         1.98000000e+01,   2.14000000e+01,   2.04000000e+01,
         2.06000000e+01,   1.86000000e+01,   2.00000000e+01,
         1.88000000e+01,   1.90000000e+01,   1.84000000e+01,
         1.98000000e+01,   2.04000000e+01,   1.86000000e+01,
         0.00000000e+00,   1.94000000e+01,   2.04000000e+01,
         2.06000000e+01,   2.08000000e+01,   2.08000000e+01,
         2.12000000e+01,   2.12000000e+01,   1.54000000e+01,
         1.84000000e+01,   1.56000000e+01,   1.64000000e+01,
         2.02000000e+01,   1.98000000e+01,   2.00000000e+01,
         1.82000000e+01,   1.94000000e+01,   0.00000000e+00,
         2.06000000e+01,   1.90000000e+01,   1.92000000e+01,
         1.94000000e+01,   1.84000000e+01,   1.90000000e+01,
         2.00000000e+01,   1.86000000e+01,   2.00000000e+01,
         2.04000000e+01,   1.80000000e+01,   1.96000000e+01,
         1.86000000e+01,   1.80000000e+01,   1.84000000e+01,
         1.82000000e+01,   0.00000000e+00,   6.97459044e-01]), array([ 0.02051282,  0.        ,  0.        ,  0.08089065,  0.09523689,
        0.06843369,  0.04891996,  0.11409536,  0.06856929,  0.0697433 ,
        0.06776188,  0.09607234,  0.08463852,  0.10289598,  0.07781803,
        0.10360787,  0.08035573,  0.0723659 ,  0.15222672,  0.08089065,
        0.09523689,  0.06843369,  0.04891996,  0.11409536,  0.06856929,
        0.0697433 ,  0.06776188,  0.09607234,  0.08463852,  0.10289598,
        0.07781803,  0.10360787,  0.08035573,  0.0723659 ,  0.15222672,
        0.4       ,  0.4       ,  0.4       ,  0.4       ,  0.4       ,
        0.4       ,  0.4       ,  0.4       ,  0.4       ,  0.4       ,
        0.4       ,  0.4       ,  0.4       ,  0.4       ,  0.4       ,
        0.4       ,  0.        ,  0.01974383,  0.02367671,         nan,
        0.04464959,  0.03325579,  0.04084214,  0.09028235,  0.06493812,
        0.05771263,  0.08640163,  0.07359572,  0.10447828,  0.08802471,
        0.06576727,  0.10848606,  0.12282516,  0.08821761,  0.03969815,
        0.13599362,         nan,  0.09772257,  0.08086594,  0.08274679,
        0.10962365,  0.05186594,  0.10994777,  0.1063175 ,  0.09966063,
        0.11785578,  0.07986959,  0.06268615,  0.06932417,  0.04978673,
        0.04364486,  0.08613013,  0.05374631,         nan,  0.04692528,
        0.08999381,  0.07066042,  0.08379407,  0.09786641,  0.08741269,
        0.09938901,  0.13734949,  0.03024971,  0.10304175,  0.09379465,
        0.0642718 ,  0.09327847,  0.07370465,  0.0819893 ,  0.03071575,
               nan,  0.14951949,  0.09560321,  0.06605301,  0.08679098,
        0.09704496,  0.14567628,  0.09487562,  0.06972334,  0.06250766,
        0.0907046 ,  0.07691208,  0.03506106,  0.11208059,  0.12509897,
        0.10669344,  0.0647588 ,         nan,  0.10447091,  0.12113484,
        0.08828427,  0.07872519,  0.15081401,  0.09104883,  0.05842415,
        0.08807821,  0.11024813,  0.11700296,  0.0178984 ,  0.02923037,
        0.03672686,  0.05291295,  0.03927775,  0.03068355,         nan,
        0.08228296,  0.05501585,  0.07764667,  0.0287671 ,  0.05952763,
        0.04287499,  0.04189509,  0.04233199,  0.03647227,  0.11428372,
        0.0763067 ,  0.05792401,  0.05069647,  0.08774113,  0.06903653,
        0.06452588,         nan,  0.04583054,  0.03321141,  0.10722616,
        0.0629576 ,  0.08624788,  0.10890474,  0.06314998,  0.0901488 ,
        0.08821981,  0.03750394,  0.03237524,  0.05775313,  0.06916114,
        0.04865229,  0.08499128,  0.07992365,         nan,  0.09196052,
        0.04112795,  0.05584426,  0.02901307,  0.03913212,  0.0411933 ,
        0.0306831 ,  0.06549118,  0.02122034,  0.03266212,  0.0566925 ,
        0.04891554,  0.03423377,  0.11074196,  0.09832382,  0.1631644 ,
               nan,  0.0255975 ,  0.02254903,  0.02533988,  0.03134942,
        0.04760557,  0.01686334,  0.10180229,  0.04676541,  0.05612254,
        0.03582813,  0.0635403 ,  0.0791511 ,  0.05746729,  0.02983522,
        0.05132608,  0.0910616 ,         nan,  0.15097368,  0.0829629 ,
        0.05470024,  0.06265712,  0.08451603,  0.06618077,  0.07400516,
        0.08295816,  0.05423399,  0.06836753,  0.06219981,  0.08478732,
        0.03010802,  0.03312335,  0.08085369,  0.05382148,         nan,
        0.08101118,  0.09893141,  0.06384414,  0.05340512,  0.07919393,
        0.05177293,  0.05980384,  0.06062582,  0.03388596,  0.03487119,
        0.07539259,  0.05679334,  0.04218798,  0.06475446,  0.10669191,
        0.09002497,         nan,  0.07269911,  0.07450273,  0.03828889,
        0.07204725,  0.06290025,  0.07788243,  0.04186588,  0.02140399,
        0.04844269,  0.04083637,  0.04528761,  0.05648398,  0.05646345,
        0.15187573,  0.15896792,  0.13392368,         nan,  0.11831388,
        0.09671892,  0.06245986,  0.04505864,  0.06069245,  0.06870977,
        0.05954631,  0.10351791,  0.06104941,  0.07900796,  0.02960604,
        0.03354055,  0.12473646,  0.12864795,  0.06236096,  0.10606289,
               nan,  0.12741814,  0.06007158,  0.05549485,  0.06089037,
        0.03023904,  0.07677072,  0.07069938,  0.02278262,  0.05479242,
        0.0243336 ,  0.06976786,  0.15170329,  0.03389519,  0.08844996,
        0.0610109 ,  0.05675697,         nan,  0.08229217,  0.11762653,
        0.11974743,  0.12051056,  0.0906445 ,  0.02452945,  0.13871945,
        0.12066157,  0.11552359,  0.14288776,  0.10013727,  0.10516069,
        0.09063494,  0.07218133,  0.10842021,  0.14009133,         nan,
        0.        ,  3.49857114,  1.8547237 ,  2.05912603,  1.356466  ,
        2.13541565,  2.41660919,  1.74355958,  1.72046505,  2.63818119,
        3.92937654,  2.52982213,  3.03315018,  1.74355958,  2.03960781,
        3.86781592,  3.2       ,  0.        ,  2.87054002,  2.75680975,
        2.03960781,  2.31516738,  1.72046505,  3.2249031 ,  2.65329983,
        3.18747549,  3.72021505,  3.28633535,  3.74165739,  2.52982213,
        1.41421356,  3.13687743,  1.72046505,  3.00665928,  0.        ,
        2.96647939,  2.65329983,  3.24961536,  1.8547237 ,  3.03315018,
        3.31058907,  2.22710575,  3.12409987,  2.63818119,  2.93938769,
        2.8       ,  2.19089023,  3.00665928,  2.31516738,  3.12409987,
        3.05941171,  0.        ,  3.03315018,  4.69041576,  0.8       ,
        3.65513338,  4.92341345,  1.72046505,  3.31058907,  2.78567766,
        2.72763634,  3.2       ,  2.93938769,  2.87054002,  1.2       ,
        2.41660919,  2.41660919,  2.78567766,  0.        ,  1.78885438,
        3.31058907,  2.0976177 ,  2.24499443,  2.72763634,  2.92574777,
        2.44948974,  3.92937654,  3.05941171,  3.61109402,  1.72046505,
        2.41660919,  2.60768096,  3.52136337,  4.70744092,  1.93907194,
        0.        ,  1.49666295,  3.2       ,  1.49666295,  2.92574777,
        3.49857114,  4.4       ,  3.55527777,  2.31516738,  3.26190129,
        4.26145515,  2.22710575,  1.67332005,  1.8547237 ,  0.8       ,
        3.09838668,  1.49666295,  0.        ,  1.49666295,  1.46969385,
        2.0976177 ,  1.8547237 ,  1.41421356,  0.8       ,  1.6       ,
        1.0198039 ,  2.63818119,  1.8547237 ,  3.54400903,  3.31058907,
        3.63318042,  2.22710575,  2.92574777,  1.46969385,  0.        ,
        3.2       ,  2.75680975,  3.6       ,  4.26145515,  3.49857114,
        2.19089023,  3.18747549,  3.7094474 ,  2.        ,  2.92574777,
        3.57770876,  4.92341345,  2.41660919,  1.6       ,  1.54919334,
        3.37045991,  0.        ,  3.40587727,  3.18747549,  4.16653333,
        3.26190129,  2.92574777,  3.87814389,  4.02988834,  2.44948974,
        2.93938769,  2.05912603,  1.54919334,  2.63818119,  2.72763634,
        2.13541565,  2.56124969,  3.18747549,  0.        ,  2.41660919,
        1.8547237 ,  3.05941171,  2.15406592,  3.00665928,  2.78567766,
        3.86781592,  3.65513338,  3.13687743,  3.28633535,  3.03315018,
        3.2       ,  1.72046505,  3.34664011,  2.89827535,  2.41660919,
        0.        ,  3.76297754,  1.83303028,  2.36643191,  1.67332005,
        3.42928564,  2.31516738,  3.18747549,  2.57681975,  2.44948974,
        2.31516738,  4.04969135,  1.16619038,  3.92937654,  3.84707681,
        1.62480768,  3.38230691,  0.        ,  2.60768096,  2.8       ,
        3.18747549,  4.4       ,  2.85657137,  3.81575681,  2.85657137,
        2.63818119,  3.81575681,  3.26190129,  0.74833148,  3.2       ,
        2.92574777,  2.8       ,  1.78885438,  2.85657137,  0.        ,
        2.4       ,  1.74355958,  3.31058907,  1.8547237 ,  2.78567766,
        2.93938769,  3.00665928,  3.0724583 ,  2.15406592,  1.26491106,
        1.93907194,  2.68328157,  2.05912603,  2.48193473,  3.2       ,
        2.33238076,  0.        ,  2.4979992 ,  3.26190129,  1.95959179,
        1.32664992,  2.03960781,  2.71293199,  3.42928564,  3.00665928,
        1.0198039 ,  2.93938769,  3.55527777,  2.92574777,  1.72046505,
        3.40587727,  1.72046505,  2.41660919,  0.        ,  2.72763634,
        4.09878031,  3.48711915,  3.26190129,  3.13687743,  1.8973666 ,
        4.60434577,  3.00665928,  4.        ,  4.31740663,  3.03315018,
        3.72021505,  4.63033476,  3.57770876,  3.61109402,  3.05941171,
        0.        ,  0.0091042 ])]}
K = 20
dataset: synthetic glass
time = 489.323818
{'perf': [array([  0.56998893,   0.        ,   0.        ,   1.        ,
         0.87353267,   0.87419712,   0.82679956,   0.87353267,
         0.92535991,   1.        ,   0.87353267,   0.87419712,
         0.82679956,   0.87353267,   0.92535991,  42.8       ,
        42.8       ,  42.8       ,  42.8       ,  42.8       ,
        42.8       ,   0.        ,   0.89295406,   0.80911037,
                nan,   0.94109395,   0.97470448,   0.97281345,
         0.97567125,   0.96209205,   0.46545455,          nan,
         0.64451872,   0.97544829,   0.9757874 ,   0.95811149,
         0.14147727,   0.96409677,          nan,   0.94357705,
         0.97557024,   0.95097236,   0.28576923,   0.18571429,
         0.44700855,          nan,   0.97532377,   0.95260295,
         0.1547619 ,   0.16309524,   0.19047619,   0.17214286,
                nan,   0.92426232,   0.59238095,   0.67888889,
         0.67015873,   0.68126984,   0.66287879,          nan,
         0.        ,  35.6       ,  37.8       ,  35.        ,
        39.2       ,  35.4       ,   7.2       ,   0.        ,
        16.6       ,  38.8       ,  39.4       ,  36.6       ,
         5.        ,  26.2       ,   0.        ,  34.2       ,
        39.        ,  35.4       ,   7.8       ,   4.        ,
         8.6       ,   0.        ,  38.6       ,  36.4       ,
         3.6       ,   3.4       ,   3.8       ,   4.2       ,
         0.        ,  35.2       ,   7.4       ,   6.2       ,
         7.4       ,   6.4       ,   7.6       ,   0.        ,   0.58175248]), array([  5.87471284e-02,   0.00000000e+00,   0.00000000e+00,
         0.00000000e+00,   3.92182962e-02,   6.81026208e-02,
         5.14615450e-02,   4.67661653e-02,   2.68954838e-02,
         0.00000000e+00,   3.92182962e-02,   6.81026208e-02,
         5.14615450e-02,   4.67661653e-02,   2.68954838e-02,
         4.00000000e-01,   4.00000000e-01,   4.00000000e-01,
         4.00000000e-01,   4.00000000e-01,   4.00000000e-01,
         0.00000000e+00,   1.72394684e-02,   5.26032855e-02,
                    nan,   2.01592576e-02,   2.04609082e-03,
         2.09111258e-03,   1.15044915e-03,   1.44918334e-02,
         1.16581429e-01,              nan,   7.24080759e-02,
         9.94301672e-04,   1.16756413e-03,   2.16019834e-02,
         6.38869862e-02,   4.07871446e-03,              nan,
         3.30805947e-02,   9.68909084e-04,   2.81087733e-02,
         1.04749474e-01,   7.43833302e-02,   7.95193391e-02,
                    nan,   1.06457228e-03,   2.66436054e-02,
         1.19047619e-02,   2.34194233e-02,   7.22178614e-02,
         4.64230766e-02,              nan,   4.11534730e-02,
         1.07690663e-01,   7.40703703e-02,   1.28398473e-01,
         1.28816736e-01,   1.72373227e-01,              nan,
         0.00000000e+00,   2.05912603e+00,   3.31058907e+00,
         2.82842712e+00,   2.03960781e+00,   1.62480768e+00,
         1.83303028e+00,   0.00000000e+00,   2.80000000e+00,
         1.72046505e+00,   2.05912603e+00,   1.74355958e+00,
         3.46410162e+00,   3.05941171e+00,   0.00000000e+00,
         2.92574777e+00,   1.67332005e+00,   1.62480768e+00,
         2.56124969e+00,   1.54919334e+00,   2.72763634e+00,
         0.00000000e+00,   1.74355958e+00,   1.01980390e+00,
         1.85472370e+00,   1.85472370e+00,   1.46969385e+00,
         1.46969385e+00,   0.00000000e+00,   1.16619038e+00,
         1.62480768e+00,   1.72046505e+00,   1.62480768e+00,
         1.01980390e+00,   1.20000000e+00,   0.00000000e+00,
         4.24625309e-02])]}
K = 20
dataset: synthetic housing
time = 525.558101
{'perf': [array([   0.2766259 ,    0.        ,    0.        ,    0.68178994,
          0.67000582,    0.75296059,    0.73341099,    0.69553485,
          0.83987575,    0.68178994,    0.67000582,    0.75296059,
          0.73341099,    0.69553485,    0.83987575,  101.2       ,
        101.2       ,  101.2       ,  101.2       ,  101.2       ,
        101.2       ,    0.        ,    0.72451241,    0.64748593,
                 nan,    0.88501701,    0.7580087 ,    0.78368288,
          0.6400527 ,    0.76350985,    0.81944008,           nan,
          0.93057797,    0.88485964,    0.75637076,    0.525616  ,
          0.83920564,    0.78703552,           nan,    0.83220889,
          0.82978859,    0.88184766,    0.78862325,    0.85990636,
          0.65814044,           nan,    0.73109845,    0.83477063,
          0.65112332,    0.88652115,    0.7778442 ,    0.86270034,
                 nan,    0.73013618,    0.87716952,    0.90470368,
          0.9383062 ,    0.94153438,    0.82530604,           nan,
          0.        ,   58.6       ,   45.4       ,   46.6       ,
         48.        ,   50.8       ,   42.6       ,    0.        ,
         55.2       ,   58.4       ,   50.4       ,   40.8       ,
         55.8       ,   46.        ,    0.        ,   64.4       ,
         53.8       ,   29.2       ,   54.6       ,   42.8       ,
         36.8       ,    0.        ,   53.8       ,   32.        ,
         53.2       ,   50.8       ,   47.4       ,   47.4       ,
          0.        ,   47.6       ,   50.4       ,   60.4       ,
         72.        ,   69.2       ,   53.6       ,    0.        ,
          0.79827967]), array([ 0.03200651,  0.        ,  0.        ,  0.04237885,  0.07839488,
        0.03810224,  0.07247565,  0.03420966,  0.06221399,  0.04237885,
        0.07839488,  0.03810224,  0.07247565,  0.03420966,  0.06221399,
        0.4       ,  0.4       ,  0.4       ,  0.4       ,  0.4       ,
        0.4       ,  0.        ,  0.00721584,  0.01974199,         nan,
        0.02905552,  0.04981686,  0.04908586,  0.03707005,  0.03203783,
        0.0482757 ,         nan,  0.04455555,  0.03258476,  0.03846539,
        0.08460406,  0.03689628,  0.01976951,         nan,  0.02741067,
        0.0548874 ,  0.04887206,  0.04868133,  0.05324509,  0.08926116,
               nan,  0.04855038,  0.05411323,  0.05578873,  0.03776972,
        0.05916597,  0.02979544,         nan,  0.05316045,  0.03274883,
        0.05899108,  0.01612238,  0.01731184,  0.05798199,         nan,
        0.        ,  4.45421149,  2.87054002,  5.16139516,  4.14728827,
        5.11468474,  4.58693798,  0.        ,  1.72046505,  2.8       ,
        3.92937654,  6.04648658,  3.18747549,  1.78885438,  0.        ,
        5.88557559,  2.78567766,  2.71293199,  5.46260011,  2.92574777,
        6.04648658,  0.        ,  4.48998886,  3.46410162,  4.26145515,
        3.7094474 ,  2.41660919,  4.2708313 ,  0.        ,  3.32264955,
        5.27636238,  5.88557559,  2.44948974,  3.31058907,  3.38230691,
        0.        ,  0.01061059])]}
K = 20
dataset: synthetic vehicle
time = 775.341936
{'perf': [array([   0.7020536 ,    0.        ,    0.        ,    0.93617125,
          0.85690219,    0.88412809,    0.97872607,    0.93617125,
          0.85690219,    0.88412809,    0.97872607,  169.2       ,
        169.2       ,  169.2       ,  169.2       ,    0.        ,
          0.91249759,    0.84272189,           nan,    0.93417668,
          0.94780045,    0.92155566,    0.7278305 ,           nan,
          0.88742202,    0.93719535,    0.80230523,    0.83668489,
                 nan,    0.87986674,    0.97471703,    0.96784865,
          0.97441769,           nan,    0.        ,  116.6       ,
        110.4       ,   75.8       ,   52.6       ,    0.        ,
        111.2       ,   77.6       ,   58.8       ,   58.        ,
          0.        ,   76.4       ,   93.4       ,   91.6       ,
         92.8       ,    0.        ,    0.89544721]), array([  4.28443563e-02,   0.00000000e+00,   0.00000000e+00,
         1.01725140e-02,   3.39384501e-02,   3.51080595e-02,
         2.87651800e-03,   1.01725140e-02,   3.39384501e-02,
         3.51080595e-02,   2.87651800e-03,   4.00000000e-01,
         4.00000000e-01,   4.00000000e-01,   4.00000000e-01,
         0.00000000e+00,   1.31720053e-02,   4.21015793e-02,
                    nan,   1.73786270e-02,   2.30815520e-02,
         3.64473027e-02,   4.79310955e-02,              nan,
         2.97087452e-02,   2.73434628e-02,   5.00762541e-02,
         8.82933551e-02,              nan,   3.36318750e-02,
         5.52447482e-03,   1.21738094e-02,   1.12761701e-02,
                    nan,   0.00000000e+00,   4.45421149e+00,
         7.31026675e+00,   5.49181209e+00,   4.49888875e+00,
         0.00000000e+00,   7.44043010e+00,   5.46260011e+00,
         6.99714227e+00,   7.12741187e+00,   0.00000000e+00,
         7.73563184e+00,   5.42586399e+00,   5.35163526e+00,
         7.60000000e+00,   0.00000000e+00,   2.41665055e-02])]}
K = 20
dataset: synthetic authorship
time = 979.952927
{'perf': [array([   0.80263454,    0.        ,    0.        ,    0.96315159,
          0.92986757,    0.96074246,    0.94292054,    0.96315159,
          0.92986757,    0.96074246,    0.94292054,  168.2       ,
        168.2       ,  168.2       ,  168.2       ,    0.        ,
          0.94891013,    0.93064478,           nan,    0.93424333,
          0.99365256,    0.98237234,    0.87988665,           nan,
          0.99369252,    0.96199991,    0.81666667,    0.88021645,
                 nan,    0.69806522,    0.96551424,    0.82395864,
          0.9935188 ,           nan,    0.        ,   88.8       ,
        155.6       ,  123.2       ,   79.4       ,    0.        ,
        156.6       ,  114.4       ,   12.6       ,   11.6       ,
          0.        ,   15.8       ,   45.        ,   53.8       ,
        152.4       ,    0.        ,    0.90306322]), array([  9.83257010e-03,   0.00000000e+00,   0.00000000e+00,
         1.26637177e-02,   1.13683479e-02,   1.86953143e-02,
         2.48673029e-02,   1.26637177e-02,   1.13683479e-02,
         1.86953143e-02,   2.48673029e-02,   4.00000000e-01,
         4.00000000e-01,   4.00000000e-01,   4.00000000e-01,
         0.00000000e+00,   2.50477758e-03,   3.83622980e-03,
                    nan,   1.90150751e-02,   1.21042520e-04,
         8.04565080e-03,   2.74332579e-02,              nan,
         1.22079322e-04,   5.26289118e-03,   4.23247353e-02,
         3.72409124e-02,              nan,   1.62731253e-01,
         2.63075757e-02,   5.37429802e-02,   1.69062908e-04,
                    nan,   0.00000000e+00,   4.70744092e+00,
         2.93938769e+00,   3.76297754e+00,   4.75815090e+00,
         0.00000000e+00,   3.00665928e+00,   6.80000000e+00,
         3.32264955e+00,   3.38230691e+00,   0.00000000e+00,
         4.26145515e+00,   4.00000000e+00,   7.02566723e+00,
         4.12795349e+00,   0.00000000e+00,   1.22291682e-02])]}
K = 20
dataset: synthetic vowel
time = 1175.552864
{'perf': [array([   0.22715184,    0.        ,    0.        ,    0.81259659,
          0.90921833,    0.7272956 ,    0.75757412,    0.77845463,
          0.85225517,    0.79162624,    0.67595687,    0.69876011,
          0.62673854,    0.7498832 ,    0.81259659,    0.90921833,
          0.7272956 ,    0.75757412,    0.77845463,    0.85225517,
          0.79162624,    0.67595687,    0.69876011,    0.62673854,
          0.7498832 ,  105.6       ,  105.6       ,  105.6       ,
        105.6       ,  105.6       ,  105.6       ,  105.6       ,
        105.6       ,  105.6       ,  105.6       ,  105.6       ,
          0.        ,    0.75648529,    0.74573422,           nan,
          0.74756804,    0.88509777,    0.92590571,    0.96621776,
          0.96362563,    0.93935314,    0.97193048,    0.97430804,
          0.98600987,    0.94134658,    0.90292857,           nan,
          0.98713302,    0.93776165,    0.9542652 ,    0.93076856,
          0.91963446,    0.96505132,    0.96943603,    0.98651698,
          0.91756931,    0.5547619 ,    0.14079365,           nan,
          0.78841511,    0.87349245,    0.87359253,    0.85270001,
          0.95245892,    0.91760027,    0.98294998,    0.84357101,
          0.80287397,    0.75456433,    0.93204545,           nan,
          0.81892375,    0.80738823,    0.90282659,    0.95580165,
          0.96946014,    0.97095978,    0.87098654,    0.85171995,
          0.80406044,    0.91747778,    0.8974476 ,           nan,
          0.76842995,    0.86864865,    0.93855599,    0.95162167,
          0.98048562,    0.89415512,    0.83426004,    0.84256773,
          0.91422221,    0.85592003,    0.82905831,           nan,
          0.94435962,    0.94999992,    0.96315319,    0.97040972,
          0.95700419,    0.83591738,    0.77057245,    0.89888537,
          0.84093355,    0.85961538,    0.75550702,           nan,
          0.95757119,    0.94186343,    0.96424767,    0.93526246,
          0.61071531,    0.65823414,    0.65673627,    0.74629832,
          0.6933478 ,    0.76274747,    0.7375101 ,           nan,
          0.71872988,    0.95244146,    0.87675318,    0.67189672,
          0.69355944,    0.77525678,    0.73015519,    0.81767529,
          0.77740511,    0.77177998,    0.9018575 ,           nan,
          0.98413119,    0.80546182,    0.51643361,    0.5414174 ,
          0.56989186,    0.54196947,    0.6492497 ,    0.66217489,
          0.66889326,    0.7039013 ,    0.5315601 ,           nan,
          0.70755351,    0.7394752 ,    0.74307256,    0.82397516,
          0.72839147,    0.69227632,    0.58231305,    0.85797429,
          0.91722549,    0.91254359,    0.95057612,           nan,
          0.        ,   60.2       ,   83.6       ,   70.4       ,
         68.        ,   54.        ,   56.4       ,   76.        ,
         53.2       ,   69.8       ,   52.6       ,   45.4       ,
          0.        ,   90.8       ,   78.4       ,   70.4       ,
         58.2       ,   61.        ,   76.8       ,   57.8       ,
         72.4       ,   56.4       ,   22.        ,   14.8       ,
          0.        ,   72.6       ,   68.4       ,   55.6       ,
         53.        ,   72.        ,   53.8       ,   68.2       ,
         56.2       ,   35.2       ,   27.2       ,   33.        ,
          0.        ,   78.2       ,   68.        ,   62.8       ,
         73.8       ,   56.6       ,   65.6       ,   58.        ,
         37.6       ,   35.2       ,   37.2       ,   27.4       ,
          0.        ,   70.6       ,   69.6       ,   74.4       ,
         60.2       ,   68.4       ,   59.4       ,   51.6       ,
         47.4       ,   50.        ,   37.6       ,   35.        ,
          0.        ,   73.6       ,   76.8       ,   63.4       ,
         71.        ,   70.4       ,   49.2       ,   44.6       ,
         52.6       ,   42.8       ,   36.        ,   32.        ,
          0.        ,   82.4       ,   67.        ,   75.6       ,
         58.        ,   29.6       ,   28.8       ,   33.6       ,
         31.8       ,   31.2       ,   28.8       ,   23.2       ,
          0.        ,   55.6       ,   72.8       ,   46.6       ,
         52.4       ,   47.8       ,   51.8       ,   49.        ,
         45.4       ,   42.2       ,   38.6       ,   50.        ,
          0.        ,   87.        ,   59.6       ,   35.8       ,
         33.2       ,   37.4       ,   40.        ,   37.2       ,
         34.6       ,   30.        ,   32.8       ,   18.6       ,
          0.        ,   52.        ,   53.        ,   49.2       ,
         49.4       ,   47.6       ,   46.2       ,   35.2       ,
         47.6       ,   59.        ,   46.        ,   53.6       ,
          0.        ,    0.81180621]), array([  4.76202139e-02,   0.00000000e+00,   0.00000000e+00,
         3.60515933e-02,   3.38925300e-02,   4.92885852e-02,
         2.27916413e-02,   4.16501274e-02,   3.85812795e-02,
         5.21748042e-02,   8.04352412e-02,   3.17307348e-02,
         6.56606232e-02,   2.88587048e-02,   3.60515933e-02,
         3.38925300e-02,   4.92885852e-02,   2.27916413e-02,
         4.16501274e-02,   3.85812795e-02,   5.21748042e-02,
         8.04352412e-02,   3.17307348e-02,   6.56606232e-02,
         2.88587048e-02,   4.89897949e-01,   4.89897949e-01,
         4.89897949e-01,   4.89897949e-01,   4.89897949e-01,
         4.89897949e-01,   4.89897949e-01,   4.89897949e-01,
         4.89897949e-01,   4.89897949e-01,   4.89897949e-01,
         0.00000000e+00,   1.00678396e-02,   1.93527408e-02,
                    nan,   6.75467070e-02,   4.76434699e-02,
         2.94444926e-02,   1.33957284e-02,   2.36715008e-02,
         3.41897033e-02,   3.86200113e-03,   1.54682316e-02,
         9.29810202e-04,   2.42684360e-02,   2.77381168e-02,
                    nan,   3.98958252e-03,   1.60026968e-02,
         2.64773506e-02,   2.65791752e-02,   4.17210574e-02,
         1.82523758e-02,   2.11339146e-02,   7.60103203e-04,
         1.92204894e-02,   6.37099436e-02,   3.12716541e-02,
                    nan,   3.61526765e-02,   3.35983623e-02,
         4.34719410e-02,   4.24262271e-02,   2.12381938e-02,
         4.25279436e-02,   5.11945194e-03,   3.41673989e-02,
         3.69583501e-02,   6.00016921e-02,   1.69392313e-02,
                    nan,   2.48073189e-02,   3.22015546e-02,
         4.08544479e-02,   1.73756420e-02,   1.62513951e-02,
         1.48458671e-02,   2.48112181e-02,   7.74193709e-02,
         7.63606097e-02,   5.02843500e-02,   3.59758005e-02,
                    nan,   7.45614826e-02,   7.16692179e-03,
         2.61373199e-02,   1.81486617e-02,   5.46318792e-03,
         3.48737519e-02,   4.42408879e-02,   2.24873051e-02,
         2.43634077e-02,   2.56259259e-02,   4.47616360e-02,
                    nan,   1.83396438e-02,   2.01496421e-02,
         1.28409373e-02,   1.45976275e-02,   1.77489755e-02,
         1.42309577e-02,   3.98669868e-02,   2.38260012e-02,
         5.02749215e-02,   5.73494083e-02,   7.77878231e-02,
                    nan,   7.83292142e-03,   1.64550067e-02,
         2.03017567e-02,   4.35905417e-02,   1.11087471e-01,
         1.05840783e-01,   8.85069908e-02,   2.94169396e-02,
         7.28671431e-02,   5.56518688e-02,   1.08687070e-01,
                    nan,   8.49765170e-02,   1.73902588e-02,
         3.27991562e-02,   4.42807166e-02,   3.53719003e-02,
         5.15657679e-02,   9.03432543e-02,   4.75997727e-02,
         5.44893764e-02,   4.11841628e-02,   3.71843053e-02,
                    nan,   5.92505934e-03,   3.25691618e-02,
         9.64152926e-02,   1.02650223e-01,   1.22809115e-01,
         1.04360611e-01,   1.02495364e-01,   8.84920035e-02,
         1.21209870e-01,   5.69826910e-02,   1.04969140e-01,
                    nan,   6.27967265e-02,   3.38439682e-02,
         6.52077317e-02,   5.45448602e-02,   6.74045823e-02,
         1.72551517e-02,   3.87964996e-02,   2.88000311e-02,
         2.91306170e-02,   2.30297685e-02,   1.94228000e-02,
                    nan,   0.00000000e+00,   1.93907194e+00,
         1.95959179e+00,   1.85472370e+00,   3.34664011e+00,
         3.34664011e+00,   2.72763634e+00,   3.40587727e+00,
         2.22710575e+00,   4.83321839e+00,   2.65329983e+00,
         2.05912603e+00,   0.00000000e+00,   2.48193473e+00,
         1.35646600e+00,   3.92937654e+00,   3.05941171e+00,
         4.51663592e+00,   3.31058907e+00,   3.31058907e+00,
         4.12795349e+00,   4.45421149e+00,   1.89736660e+00,
         2.03960781e+00,   0.00000000e+00,   4.22374242e+00,
         3.20000000e+00,   3.13687743e+00,   3.89871774e+00,
         5.21536192e+00,   2.48193473e+00,   5.87877538e+00,
         4.16653333e+00,   2.03960781e+00,   1.16619038e+00,
         4.19523539e+00,   0.00000000e+00,   3.18747549e+00,
         4.56070170e+00,   4.11825206e+00,   3.48711915e+00,
         2.33238076e+00,   5.27636238e+00,   2.44948974e+00,
         3.38230691e+00,   3.86781592e+00,   3.05941171e+00,
         3.20000000e+00,   0.00000000e+00,   2.24499443e+00,
         1.95959179e+00,   4.80000000e+00,   2.92574777e+00,
         5.23832034e+00,   3.77359245e+00,   3.26190129e+00,
         2.80000000e+00,   3.16227766e+00,   4.67332858e+00,
         2.44948974e+00,   0.00000000e+00,   3.38230691e+00,
         3.76297754e+00,   1.49666295e+00,   4.28952212e+00,
         5.08330601e+00,   2.48193473e+00,   4.40908154e+00,
         3.77359245e+00,   3.96988665e+00,   1.67332005e+00,
         3.03315018e+00,   0.00000000e+00,   4.12795349e+00,
         4.56070170e+00,   4.45421149e+00,   3.68781778e+00,
         3.07245830e+00,   3.05941171e+00,   4.92341345e+00,
         3.31058907e+00,   4.53431362e+00,   3.65513338e+00,
         4.16653333e+00,   0.00000000e+00,   6.34350061e+00,
         6.11228272e+00,   1.49666295e+00,   2.33238076e+00,
         3.31058907e+00,   2.48193473e+00,   2.09761770e+00,
         2.93938769e+00,   1.32664992e+00,   4.49888875e+00,
         6.29285309e+00,   0.00000000e+00,   2.44948974e+00,
         2.24499443e+00,   4.53431362e+00,   3.96988665e+00,
         5.67802783e+00,   4.93963561e+00,   4.95580468e+00,
         4.02988834e+00,   4.19523539e+00,   5.70613705e+00,
         2.24499443e+00,   0.00000000e+00,   3.57770876e+00,
         2.44948974e+00,   4.26145515e+00,   3.97994975e+00,
         2.33238076e+00,   4.01995025e+00,   5.15363949e+00,
         3.97994975e+00,   1.78885438e+00,   2.60768096e+00,
         3.87814389e+00,   0.00000000e+00,   1.64007586e-02])]}
K = 20
dataset: synthetic stock
time = 1498.938897
{'perf': [array([   0.68947368,    0.        ,    0.        ,    0.92105263,
          0.92421053,    0.90210526,    0.89263158,    0.89789474,
          0.92105263,    0.92421053,    0.90210526,    0.89263158,
          0.89789474,  190.        ,  190.        ,  190.        ,
        190.        ,  190.        ,    0.        ,    0.907245  ,
          0.9       ,           nan,    0.90481647,    0.97284411,
          0.94872831,    0.96658264,    0.94057398,           nan,
          0.98304808,    0.93513438,    0.94814588,    0.98872491,
          0.84295875,           nan,    0.96104021,    0.90506804,
          0.83025267,    0.92898718,    0.98391331,           nan,
          0.95189743,    0.9643872 ,    0.92867269,    0.94317397,
          0.91454933,           nan,    0.        ,   84.2       ,
         85.        ,  118.2       ,   95.2       ,  105.8       ,
          0.        ,  116.8       ,   90.        ,  110.4       ,
        105.        ,   73.2       ,    0.        ,   69.8       ,
         89.        ,   71.8       ,  100.        ,  120.2       ,
          0.        ,   85.6       ,   94.8       ,   79.6       ,
        101.        ,  104.4       ,    0.        ,    0.93591469]), array([  3.98056219e-02,   0.00000000e+00,   0.00000000e+00,
         2.51312345e-02,   2.17260710e-02,   1.78016153e-02,
         3.07973449e-02,   2.01380279e-02,   2.51312345e-02,
         2.17260710e-02,   1.78016153e-02,   3.07973449e-02,
         2.01380279e-02,   0.00000000e+00,   0.00000000e+00,
         0.00000000e+00,   0.00000000e+00,   0.00000000e+00,
         0.00000000e+00,   1.04337947e-02,   1.08375054e-02,
                    nan,   2.62224376e-02,   1.63301254e-02,
         1.72989574e-02,   1.18718707e-02,   2.84595916e-02,
                    nan,   1.10698585e-02,   3.27694832e-02,
         8.25648669e-03,   3.91315205e-03,   3.85009094e-02,
                    nan,   1.32224714e-02,   2.17685989e-02,
         5.41993422e-02,   1.83329371e-02,   8.34239442e-03,
                    nan,   1.72261900e-02,   9.70976853e-03,
         1.50290794e-02,   3.26404276e-02,   2.61906781e-02,
                    nan,   0.00000000e+00,   4.16653333e+00,
         5.65685425e+00,   9.86711711e+00,   5.84465568e+00,
         4.16653333e+00,   0.00000000e+00,   6.85273668e+00,
         5.01996016e+00,   3.61109402e+00,   5.65685425e+00,
         6.85273668e+00,   0.00000000e+00,   5.49181209e+00,
         5.09901951e+00,   9.86711711e+00,   5.01996016e+00,
         5.49181209e+00,   0.00000000e+00,   5.08330601e+00,
         5.84465568e+00,   3.61109402e+00,   5.09901951e+00,
         5.08330601e+00,   0.00000000e+00,   5.39330494e-03])]}
K = 20
dataset: synthetic segment
time = 7115.139646
{'perf': [array([   0.78354978,    0.        ,    0.        ,    0.94545455,
          0.92337662,    0.90735931,    0.91212121,    0.94632035,
          0.94112554,    0.93073593,    0.94545455,    0.92337662,
          0.90735931,    0.91212121,    0.94632035,    0.94112554,
          0.93073593,  462.        ,  462.        ,  462.        ,
        462.        ,  462.        ,  462.        ,  462.        ,
          0.        ,    0.92929417,    0.93980623,           nan,
          0.98833435,    0.96132948,    0.98185139,    0.92776752,
          0.97705436,    0.99552815,    0.91267515,           nan,
          0.94552857,    0.98512302,    0.87983531,    0.81143652,
          0.92487811,    0.91663234,    0.99433445,           nan,
          0.94298909,    0.94996993,    0.96109539,    0.992321  ,
          0.93100162,    0.99647928,    0.94816743,           nan,
          0.9637552 ,    0.98544856,    0.97103935,    0.95122045,
          0.99360311,    0.97930647,    0.98804944,           nan,
          0.96937278,    0.99231186,    0.93648631,    0.99577609,
          0.95670284,    0.95812458,    0.94991593,           nan,
          0.92004189,    0.88790271,    0.95649821,    0.97813326,
          0.97349313,    0.96837872,    0.95521929,           nan,
          0.        ,  372.        ,  235.8       ,  240.4       ,
        185.2       ,  295.6       ,  354.8       ,   90.        ,
          0.        ,   75.8       ,   65.6       ,   88.6       ,
         86.8       ,  181.8       ,  226.2       ,  386.2       ,
          0.        ,  228.        ,  157.2       ,  318.6       ,
        362.6       ,  221.6       ,  396.4       ,  234.        ,
          0.        ,  212.2       ,  397.2       ,  336.8       ,
        276.8       ,  373.4       ,  304.8       ,  249.8       ,
          0.        ,  306.8       ,  362.2       ,  166.4       ,
        375.2       ,  143.4       ,   64.8       ,  155.2       ,
          0.        ,  223.        ,  107.2       ,  280.2       ,
         99.4       ,  125.2       ,   99.8       ,  239.        ,
          0.        ,    0.95520983]), array([  1.89192843e-02,   0.00000000e+00,   0.00000000e+00,
         1.03715572e-02,   9.92843718e-03,   9.71859061e-03,
         1.76695512e-02,   1.39202902e-02,   1.52070719e-02,
         1.98851672e-02,   1.03715572e-02,   9.92843718e-03,
         9.71859061e-03,   1.76695512e-02,   1.39202902e-02,
         1.52070719e-02,   1.98851672e-02,   0.00000000e+00,
         0.00000000e+00,   0.00000000e+00,   0.00000000e+00,
         0.00000000e+00,   0.00000000e+00,   0.00000000e+00,
         0.00000000e+00,   6.34482576e-03,   4.02480804e-03,
                    nan,   4.68847677e-03,   8.50548365e-03,
         6.12501529e-03,   2.43645680e-02,   9.57477761e-03,
         2.19560540e-03,   2.61768318e-02,              nan,
         2.15239700e-02,   1.11123493e-03,   2.05403072e-02,
         3.16445584e-02,   3.02578744e-02,   1.65259087e-02,
         2.52012632e-03,              nan,   2.24471661e-02,
         1.59289680e-02,   2.26121972e-02,   2.68344501e-03,
         1.57647360e-02,   1.25056889e-03,   1.51299078e-02,
                    nan,   1.47985453e-02,   7.08496813e-03,
         6.32484026e-03,   1.36152089e-02,   1.31605123e-03,
         7.51735623e-03,   4.54922927e-03,              nan,
         1.22513602e-02,   2.68901599e-03,   1.90071309e-02,
         1.24540843e-03,   1.57029579e-02,   1.46560568e-02,
         1.77245708e-02,              nan,   1.92115791e-02,
         1.63067825e-02,   2.02285275e-02,   1.21474457e-02,
         6.95936048e-03,   7.87059816e-03,   1.70160603e-02,
                    nan,   0.00000000e+00,   9.85900604e+00,
         2.48193473e+00,   5.88557559e+00,   1.01469207e+01,
         8.47584804e+00,   5.49181209e+00,   9.85900604e+00,
         0.00000000e+00,   8.03492377e+00,   5.12249939e+00,
         9.11262860e+00,   5.91269820e+00,   1.37753403e+01,
         2.48193473e+00,   8.03492377e+00,   0.00000000e+00,
         7.48331477e+00,   8.68101377e+00,   7.49933330e+00,
         5.31413210e+00,   5.88557559e+00,   5.12249939e+00,
         7.48331477e+00,   0.00000000e+00,   8.54166260e+00,
         3.60000000e+00,   8.90842298e+00,   1.01469207e+01,
         9.11262860e+00,   8.68101377e+00,   8.54166260e+00,
         0.00000000e+00,   8.08455317e+00,   5.30659966e+00,
         8.47584804e+00,   5.91269820e+00,   7.49933330e+00,
         3.60000000e+00,   8.08455317e+00,   0.00000000e+00,
         1.67332005e+00,   5.49181209e+00,   1.37753403e+01,
         5.31413210e+00,   8.90842298e+00,   5.30659966e+00,
         1.67332005e+00,   0.00000000e+00,   2.99120883e-03])]}
K = 20
dataset: synthetic cpu
time = 11037.172331
{'perf': [array([  1.69798211e-01,   0.00000000e+00,   0.00000000e+00,
         7.78196896e-01,   6.67602420e-01,   7.02880341e-01,
         8.83301337e-01,   6.52708365e-01,   7.78196896e-01,
         6.67602420e-01,   7.02880341e-01,   8.83301337e-01,
         6.52708365e-01,   1.63840000e+03,   1.63840000e+03,
         1.63840000e+03,   1.63840000e+03,   1.63840000e+03,
         0.00000000e+00,   7.32099822e-01,   4.95971992e-01,
                    nan,   8.51277523e-01,   7.74464030e-01,
         6.48754714e-01,   8.93883761e-01,   5.01817592e-01,
                    nan,   5.57500422e-01,   4.84772792e-01,
         8.10032061e-01,   6.69597700e-01,   8.03912956e-01,
                    nan,   3.75353527e-01,   8.85308431e-01,
         9.27561187e-01,   8.94708189e-01,   9.02051615e-01,
                    nan,   9.61987180e-01,   5.14403555e-01,
         6.83786468e-01,   5.60607358e-01,   3.38039366e-01,
                    nan,   0.00000000e+00,   9.43600000e+02,
         9.47200000e+02,   5.25400000e+02,   1.02400000e+03,
         6.94800000e+02,   0.00000000e+00,   6.48400000e+02,
         6.57600000e+02,   8.42600000e+02,   6.91200000e+02,
         9.90000000e+02,   0.00000000e+00,   5.29800000e+02,
         1.00600000e+03,   1.11300000e+03,   9.80800000e+02,
         1.10860000e+03,   0.00000000e+00,   1.15080000e+03,
         6.14400000e+02,   7.95800000e+02,   6.32400000e+02,
         4.87600000e+02,   0.00000000e+00,   6.72425684e-01]), array([  9.17108975e-03,   0.00000000e+00,   0.00000000e+00,
         1.07174636e-02,   1.42169436e-02,   1.43946766e-02,
         1.44277460e-02,   2.07178067e-02,   1.07174636e-02,
         1.42169436e-02,   1.43946766e-02,   1.44277460e-02,
         2.07178067e-02,   4.89897949e-01,   4.89897949e-01,
         4.89897949e-01,   4.89897949e-01,   4.89897949e-01,
         0.00000000e+00,   4.50667738e-03,   7.56521606e-03,
                    nan,   1.33836844e-02,   1.36608219e-02,
         1.37755348e-02,   8.46085287e-03,   2.82239028e-02,
                    nan,   1.51292310e-02,   2.52487860e-02,
         1.09837519e-02,   1.51294204e-02,   1.60972899e-02,
                    nan,   2.23978940e-02,   1.40516219e-02,
         1.30757063e-02,   1.20341624e-02,   1.42734107e-02,
                    nan,   2.74109235e-03,   2.56032158e-02,
         1.71578379e-02,   1.73179208e-02,   2.13491031e-02,
                    nan,   0.00000000e+00,   3.00772339e+01,
         2.03017241e+01,   4.92341345e+00,   1.87723200e+01,
         2.99626434e+01,   0.00000000e+00,   2.62876397e+01,
         1.22245654e+01,   3.21284920e+01,   2.05075596e+01,
         2.64272587e+01,   0.00000000e+00,   2.09131538e+01,
         2.16979262e+01,   5.29150262e+00,   1.22049170e+01,
         2.07615028e+01,   0.00000000e+00,   1.99739831e+01,
         1.86826122e+01,   3.20711709e+01,   2.14997674e+01,
         1.96529896e+01,   0.00000000e+00,   6.58088344e-03])]}
K = 20
dataset: synthetic calhousing
time = 33274.583732
{'perf': [array([  1.72529070e-01,   0.00000000e+00,   0.00000000e+00,
         6.30281008e-01,   7.27519380e-01,   8.49127907e-01,
         6.89922481e-01,   6.30281008e-01,   7.27519380e-01,
         8.49127907e-01,   6.89922481e-01,   4.12800000e+03,
         4.12800000e+03,   4.12800000e+03,   4.12800000e+03,
         0.00000000e+00,   7.19796435e-01,   3.25484496e-01,
                    nan,   5.57475133e-01,   3.01297959e-01,
         7.54434192e-01,   7.32439585e-01,              nan,
         5.72407685e-01,   7.85439706e-01,   8.85107070e-01,
         7.47868306e-01,              nan,   8.26384981e-01,
         6.07346185e-01,   5.26044346e-01,   4.99933331e-01,
                    nan,   0.00000000e+00,   1.90580000e+03,
         1.60060000e+03,   2.12220000e+03,   2.22220000e+03,
         0.00000000e+00,   2.13700000e+03,   2.11000000e+03,
         2.52740000e+03,   1.99100000e+03,   0.00000000e+00,
         2.11780000e+03,   2.00580000e+03,   2.01800000e+03,
         2.01020000e+03,   0.00000000e+00,   6.26217577e-01]), array([  4.80946298e-03,   0.00000000e+00,   0.00000000e+00,
         1.57973971e-02,   1.15929303e-02,   6.34560464e-03,
         1.61650446e-02,   1.57973971e-02,   1.15929303e-02,
         6.34560464e-03,   1.61650446e-02,   0.00000000e+00,
         0.00000000e+00,   0.00000000e+00,   0.00000000e+00,
         0.00000000e+00,   2.00921382e-03,   7.84082464e-03,
                    nan,   1.74051384e-02,   7.68272073e-03,
         1.51348147e-02,   1.40078916e-02,              nan,
         1.14466248e-02,   1.32448548e-02,   8.56106211e-03,
         7.42621634e-03,              nan,   1.14554966e-02,
         1.15308346e-02,   1.19199717e-02,   1.70301003e-02,
                    nan,   0.00000000e+00,   3.55606524e+01,
         1.25634390e+01,   3.79757818e+01,   3.55606524e+01,
         0.00000000e+00,   2.71514272e+01,   4.00749298e+01,
         1.25634390e+01,   2.71514272e+01,   0.00000000e+00,
         4.24282924e+01,   3.79757818e+01,   4.00749298e+01,
         4.24282924e+01,   0.00000000e+00,   3.70780741e-03])]}
K = 20
dataset: synthetic pendigits
time = 35703.034507
{'perf': [array([  7.32351044e-01,   0.00000000e+00,   0.00000000e+00,
         9.32132275e-01,   8.63446368e-01,   8.82096710e-01,
         8.82914436e-01,   8.31421802e-01,   9.32223763e-01,
         8.89464563e-01,   8.72543356e-01,   8.97744198e-01,
         9.14028877e-01,   9.32132275e-01,   8.63446368e-01,
         8.82096710e-01,   8.82914436e-01,   8.31421802e-01,
         9.32223763e-01,   8.89464563e-01,   8.72543356e-01,
         8.97744198e-01,   9.14028877e-01,   2.19840000e+03,
         2.19840000e+03,   2.19840000e+03,   2.19840000e+03,
         2.19840000e+03,   2.19840000e+03,   2.19840000e+03,
         2.19840000e+03,   2.19840000e+03,   2.19840000e+03,
         0.00000000e+00,   8.89282605e-01,   9.33822595e-01,
                    nan,   9.81714448e-01,   9.88573093e-01,
         9.89196492e-01,   9.94903775e-01,   8.69634570e-01,
         9.90921858e-01,   9.81342786e-01,   9.53009858e-01,
         9.57275515e-01,   9.43055511e-01,              nan,
         9.79127458e-01,   9.69276249e-01,   9.89177405e-01,
         9.46137490e-01,   9.70689381e-01,   9.68573874e-01,
         9.77568009e-01,   8.73840117e-01,   9.61595643e-01,
         9.54039283e-01,              nan,   9.23446529e-01,
         9.27515734e-01,   9.38624309e-01,   9.40518227e-01,
         8.90592353e-01,   9.32434122e-01,   9.75978846e-01,
         9.28654541e-01,   8.80372573e-01,   9.47754248e-01,
                    nan,   9.10979642e-01,   9.62334873e-01,
         9.49835812e-01,   9.42634096e-01,   9.69006184e-01,
         9.45504129e-01,   7.20807292e-01,   8.46868699e-01,
         9.32696918e-01,   9.06605607e-01,              nan,
         9.15942099e-01,   8.70573936e-01,   8.88611637e-01,
         8.41110954e-01,   8.48671899e-01,   9.97177409e-01,
         9.57426661e-01,   9.96654189e-01,   9.90492694e-01,
         9.98666226e-01,              nan,   9.97193826e-01,
         9.75255693e-01,   9.88315379e-01,   9.82910738e-01,
         8.36307958e-01,   9.67827631e-01,   9.57427880e-01,
         9.73689732e-01,   9.66021714e-01,   9.79993073e-01,
                    nan,   9.20747077e-01,   9.64534641e-01,
         9.30821292e-01,   9.61795382e-01,   9.18004266e-01,
         9.81834889e-01,   9.76896795e-01,   9.78049803e-01,
         9.24814276e-01,   9.74948759e-01,              nan,
         9.56036088e-01,   9.48866240e-01,   9.87131856e-01,
         9.47520565e-01,   9.96003817e-01,   9.88001802e-01,
         9.98333209e-01,   8.74496693e-01,   9.97989127e-01,
         9.63280522e-01,              nan,   9.82398896e-01,
         9.83056619e-01,   9.62711358e-01,   9.89043860e-01,
         9.96444129e-01,   9.93868873e-01,   9.69119389e-01,
         9.68052497e-01,   9.62241091e-01,   9.81299075e-01,
                    nan,   0.00000000e+00,   1.03760000e+03,
         1.74800000e+03,   1.70160000e+03,   1.76500000e+03,
         2.85600000e+02,   1.80460000e+03,   1.19600000e+03,
         3.50400000e+02,   8.08400000e+02,   1.16080000e+03,
         0.00000000e+00,   1.70260000e+03,   1.81940000e+03,
         1.82720000e+03,   8.29200000e+02,   1.32200000e+03,
         1.26400000e+03,   1.03860000e+03,   7.89800000e+02,
         4.50400000e+02,   4.95800000e+02,   0.00000000e+00,
         1.00000000e+03,   1.01220000e+03,   2.91200000e+02,
         9.37200000e+02,   4.85000000e+02,   3.02200000e+02,
         4.31800000e+02,   4.96800000e+02,   3.79000000e+02,
         1.19840000e+03,   0.00000000e+00,   9.95800000e+02,
         3.09600000e+02,   8.02600000e+02,   6.08200000e+02,
         3.66200000e+02,   2.35000000e+02,   4.33400000e+02,
         3.71200000e+02,   1.18620000e+03,   1.20260000e+03,
         0.00000000e+00,   2.47800000e+02,   7.58400000e+02,
         4.78200000e+02,   2.77800000e+02,   2.75600000e+02,
         1.91280000e+03,   1.36920000e+03,   1.90720000e+03,
         1.88880000e+03,   1.95060000e+03,   0.00000000e+00,
         1.99160000e+03,   1.68640000e+03,   1.57280000e+03,
         1.37840000e+03,   3.93800000e+02,   8.76400000e+02,
         1.26120000e+03,   1.39580000e+03,   1.44000000e+03,
         2.06800000e+02,   0.00000000e+00,   5.71400000e+02,
         2.13000000e+02,   5.73600000e+02,   1.00240000e+03,
         9.34400000e+02,   1.71340000e+03,   1.59020000e+03,
         1.72020000e+03,   5.12000000e+02,   1.62700000e+03,
         0.00000000e+00,   7.02800000e+02,   7.77200000e+02,
         1.84800000e+03,   1.15980000e+03,   1.89620000e+03,
         1.83220000e+03,   1.92060000e+03,   6.25600000e+02,
         1.98540000e+03,   1.49560000e+03,   0.00000000e+00,
         1.30380000e+03,   1.39000000e+03,   1.40860000e+03,
         1.76660000e+03,   1.96340000e+03,   1.92280000e+03,
         8.20000000e+02,   1.62480000e+03,   1.42120000e+03,
         8.94600000e+02,   0.00000000e+00,   9.48959910e-01]), array([  4.57599257e-03,   0.00000000e+00,   0.00000000e+00,
         5.47793394e-03,   5.50945485e-03,   4.92947225e-03,
         5.38109419e-03,   8.17243210e-03,   5.00362381e-03,
         6.70663182e-03,   8.83271716e-03,   7.48837405e-03,
         6.93868789e-03,   5.47793394e-03,   5.50945485e-03,
         4.92947225e-03,   5.38109419e-03,   8.17243210e-03,
         5.00362381e-03,   6.70663182e-03,   8.83271716e-03,
         7.48837405e-03,   6.93868789e-03,   4.89897949e-01,
         4.89897949e-01,   4.89897949e-01,   4.89897949e-01,
         4.89897949e-01,   4.89897949e-01,   4.89897949e-01,
         4.89897949e-01,   4.89897949e-01,   4.89897949e-01,
         0.00000000e+00,   6.90955390e-04,   3.51603703e-04,
                    nan,   4.72321915e-03,   2.23499389e-03,
         1.88979280e-03,   1.65465836e-03,   2.19027968e-02,
         2.65560267e-03,   4.76307327e-03,   9.90276713e-03,
         7.16163906e-03,   5.24029810e-03,              nan,
         4.80308096e-03,   4.31701020e-03,   6.03446768e-04,
         6.31887175e-03,   3.75959569e-03,   4.28394067e-03,
         5.50423880e-03,   1.39596821e-02,   8.94112224e-03,
         6.62181538e-03,              nan,   6.59396600e-03,
         7.34828826e-03,   6.52905087e-03,   1.00732292e-02,
         1.82938431e-02,   7.42438161e-03,   3.10003900e-03,
         4.92045253e-03,   2.48407515e-03,   7.39565199e-03,
                    nan,   7.37503320e-03,   8.79559734e-03,
         4.09474406e-03,   1.12340965e-02,   8.32132430e-03,
         1.50689351e-02,   7.84214414e-03,   1.74422528e-02,
         8.30810975e-03,   6.92544021e-03,              nan,
         6.06738866e-03,   1.30315305e-02,   9.69573890e-03,
         1.18310443e-02,   1.49534382e-02,   1.38895585e-03,
         3.48872187e-03,   1.56018309e-03,   1.75794699e-03,
         5.26126601e-04,              nan,   8.04001734e-04,
         4.57448093e-03,   2.90206227e-03,   3.65328776e-03,
         9.28635247e-03,   6.32712876e-03,   2.53433197e-03,
         3.20777930e-03,   4.30008505e-03,   8.04602956e-03,
                    nan,   1.97277065e-02,   3.04401899e-03,
         7.61059202e-03,   4.56654198e-03,   6.27989764e-03,
         5.51481188e-03,   2.92697053e-03,   2.77773442e-03,
         1.19762488e-02,   5.01089244e-03,              nan,
         9.23902515e-03,   3.32474485e-03,   3.20656435e-03,
         1.13867560e-02,   2.43696215e-03,   1.53395073e-03,
         8.35494641e-04,   6.62332670e-03,   4.41324770e-04,
         5.56184887e-03,              nan,   2.15896595e-03,
         5.88566449e-03,   1.49607208e-03,   3.58686731e-03,
         1.49590206e-03,   1.20934085e-03,   5.41925678e-03,
         5.31602147e-03,   5.38187212e-03,   3.69037089e-03,
                    nan,   0.00000000e+00,   1.36029409e+01,
         9.73652916e+00,   5.08330601e+00,   1.96061215e+01,
         6.31189354e+00,   7.52595509e+00,   1.40000000e+01,
         6.08604962e+00,   1.98655481e+01,   1.32574507e+01,
         0.00000000e+00,   1.30935098e+01,   1.34551106e+01,
         9.43186090e+00,   8.47112743e+00,   2.08710326e+01,
         4.33589668e+00,   1.20432554e+01,   7.46726188e+00,
         9.72830921e+00,   1.30445391e+01,   0.00000000e+00,
         2.32551070e+01,   1.83455717e+01,   1.05147515e+01,
         1.03614671e+01,   9.20869155e+00,   1.02254584e+01,
         8.37615664e+00,   5.26877595e+00,   1.32514150e+01,
         2.32086191e+01,   0.00000000e+00,   1.82142801e+01,
         1.52394226e+01,   1.29398609e+01,   1.00279609e+01,
         1.17541482e+01,   1.44775689e+01,   1.92416216e+01,
         9.10823803e+00,   1.79933321e+01,   1.81614977e+01,
         0.00000000e+00,   9.70360758e+00,   1.14995652e+01,
         1.46615142e+01,   7.83326241e+00,   1.04038454e+01,
         6.43117408e+00,   8.58836422e+00,   1.07962957e+01,
         1.53935051e+01,   1.00518655e+01,   0.00000000e+00,
         1.27530389e+01,   6.01996678e+00,   1.27499020e+01,
         1.17915224e+01,   7.73045924e+00,   2.11716792e+01,
         1.02645019e+01,   1.31057239e+01,   1.17813412e+01,
         1.29367693e+01,   0.00000000e+00,   1.22898332e+01,
         1.18321596e+01,   1.64268074e+01,   1.40655608e+01,
         4.27083130e+00,   9.52050419e+00,   9.94786409e+00,
         1.49184450e+01,   6.13188389e+00,   1.22311079e+01,
         0.00000000e+00,   6.43117408e+00,   1.52761252e+01,
         6.48074070e+00,   1.22212929e+01,   1.05147515e+01,
         1.20233107e+01,   8.21218607e+00,   1.29861465e+01,
         1.16378692e+01,   6.77052435e+00,   0.00000000e+00,
         1.96203975e+01,   1.99499373e+01,   7.55248304e+00,
         8.06473806e+00,   1.45134420e+01,   1.07962957e+01,
         1.15238882e+01,   1.64243721e+01,   1.51710250e+01,
         1.93142434e+01,   0.00000000e+00,   4.82124996e-04])]}
K = 20
dataset: synthetic elevators
time = 36199.690199
{'perf': [array([  3.41345593e-01,   0.00000000e+00,   0.00000000e+00,
         6.26905967e-01,   8.00530879e-01,   8.67281806e-01,
         8.71860137e-01,   7.63960657e-01,   8.10289788e-01,
         7.93661540e-01,   7.50647858e-01,   8.51738149e-01,
         6.26905967e-01,   8.00530879e-01,   8.67281806e-01,
         8.71860137e-01,   7.63960657e-01,   8.10289788e-01,
         7.93661540e-01,   7.50647858e-01,   8.51738149e-01,
         3.31980000e+03,   3.31980000e+03,   3.31980000e+03,
         3.31980000e+03,   3.31980000e+03,   3.31980000e+03,
         3.31980000e+03,   3.31980000e+03,   3.31980000e+03,
         0.00000000e+00,   7.89477967e-01,   7.24407664e-01,
                    nan,   2.61511530e-01,   3.83506592e-01,
         3.98555117e-01,   8.48260239e-01,   9.14859481e-01,
         8.75835848e-01,   9.50268854e-01,   4.98896210e-01,
         9.42742468e-01,              nan,   8.21858766e-01,
         6.43222884e-01,   8.96966831e-01,   9.53937597e-01,
         9.23194041e-01,   9.75973677e-01,   7.56376280e-01,
         9.51261316e-01,   9.35480603e-01,              nan,
         5.68401079e-01,   9.28195762e-01,   9.72655799e-01,
         9.49074147e-01,   9.85613741e-01,   7.38937042e-01,
         9.41260765e-01,   9.29665150e-01,   9.23216727e-01,
                    nan,   9.49780565e-01,   9.84406023e-01,
         9.61701469e-01,   9.93256844e-01,   9.39395004e-01,
         8.87690155e-01,   8.38375746e-01,   7.83559980e-01,
         7.35086238e-01,              nan,   8.86239196e-01,
         8.00769759e-01,   9.46151125e-01,   6.86573195e-01,
         8.74028632e-01,   8.49257249e-01,   8.03152323e-01,
         7.61505361e-01,   4.04230075e-01,              nan,
         3.32499212e-01,   9.99698922e-01,   7.07037573e-01,
         8.83949272e-01,   8.55729723e-01,   8.06613873e-01,
         7.59298604e-01,   3.55035944e-01,   9.14897789e-01,
                    nan,   9.74053920e-01,   7.09946322e-01,
         8.24164304e-01,   7.93569228e-01,   7.35191314e-01,
         6.89211386e-01,   1.98355999e-01,   3.33333333e-01,
         1.31078466e-01,              nan,   6.17152671e-01,
         9.07835781e-01,   8.74185794e-01,   8.82824463e-01,
         8.94986371e-01,   9.61799200e-01,   9.91045619e-01,
         9.72424696e-01,   9.97178217e-01,              nan,
         0.00000000e+00,   1.08280000e+03,   1.08320000e+03,
         1.12980000e+03,   1.99000000e+03,   1.96880000e+03,
         1.97880000e+03,   1.96880000e+03,   1.13000000e+03,
         2.23700000e+03,   0.00000000e+00,   1.29100000e+03,
         9.39600000e+02,   1.99120000e+03,   1.98660000e+03,
         1.99200000e+03,   1.98660000e+03,   9.40000000e+02,
         2.23660000e+03,   2.02880000e+03,   0.00000000e+00,
         9.39200000e+02,   1.99120000e+03,   1.98660000e+03,
         1.99200000e+03,   1.98660000e+03,   9.40000000e+02,
         2.19000000e+03,   2.38020000e+03,   2.38060000e+03,
         0.00000000e+00,   1.99540000e+03,   1.98520000e+03,
         1.99200000e+03,   1.98520000e+03,   1.64560000e+03,
         1.32980000e+03,   1.32860000e+03,   1.32860000e+03,
         1.32440000e+03,   0.00000000e+00,   2.90560000e+03,
         2.84420000e+03,   2.90540000e+03,   1.32440000e+03,
         1.35100000e+03,   1.33320000e+03,   1.33320000e+03,
         1.33460000e+03,   4.14200000e+02,   0.00000000e+00,
         1.84800000e+02,   3.31940000e+03,   1.33460000e+03,
         1.34100000e+03,   1.32780000e+03,   1.32780000e+03,
         1.32780000e+03,   4.75600000e+02,   3.13500000e+03,
         0.00000000e+00,   3.13480000e+03,   1.32780000e+03,
         1.35100000e+03,   1.33320000e+03,   1.33320000e+03,
         1.33460000e+03,   4.14400000e+02,   4.00000000e-01,
         1.85000000e+02,   0.00000000e+00,   1.33460000e+03,
         2.18980000e+03,   2.37980000e+03,   2.37980000e+03,
         1.67420000e+03,   1.99540000e+03,   1.98520000e+03,
         1.99200000e+03,   1.98520000e+03,   0.00000000e+00,
         7.51257177e-01]), array([  1.06002279e-02,   0.00000000e+00,   0.00000000e+00,
         8.28613847e-03,   7.15037741e-03,   8.05127159e-03,
         7.88213601e-03,   1.14693793e-02,   3.96979612e-03,
         1.16356426e-02,   5.32470491e-03,   7.78402213e-03,
         8.28613847e-03,   7.15037741e-03,   8.05127159e-03,
         7.88213601e-03,   1.14693793e-02,   3.96979612e-03,
         1.16356426e-02,   5.32470491e-03,   7.78402213e-03,
         4.00000000e-01,   4.00000000e-01,   4.00000000e-01,
         4.00000000e-01,   4.00000000e-01,   4.00000000e-01,
         4.00000000e-01,   4.00000000e-01,   4.00000000e-01,
         0.00000000e+00,   1.25343802e-03,   2.78556170e-03,
                    nan,   1.41406365e-02,   1.07780331e-02,
         1.21318944e-02,   8.93778270e-03,   3.02036305e-03,
         7.50946027e-03,   3.52464444e-03,   1.41433333e-02,
         4.80520051e-03,              nan,   8.24469261e-03,
         9.41951741e-03,   4.65368115e-03,   6.17920881e-03,
         9.52760264e-03,   3.12056505e-03,   7.66820175e-03,
         5.05096670e-03,   4.39990802e-03,              nan,
         1.23253069e-02,   7.39910727e-03,   4.00137910e-03,
         8.26883987e-03,   3.19494776e-03,   6.71706141e-03,
         4.47295218e-03,   3.53329088e-03,   6.25572436e-03,
                    nan,   7.82093756e-03,   3.35487518e-03,
         6.26563513e-03,   2.32946094e-03,   8.23690447e-03,
         1.02995634e-02,   1.21028939e-02,   1.33045037e-02,
         1.21440118e-02,              nan,   7.97879514e-03,
         7.01236031e-03,   6.57411338e-03,   1.21597198e-02,
         6.53402115e-03,   9.63015278e-03,   6.77819734e-03,
         6.67701737e-03,   1.91719000e-02,              nan,
         5.09001556e-02,   4.44055361e-08,   1.05792059e-02,
         1.13124542e-02,   1.53060458e-02,   1.41643282e-02,
         1.58718737e-02,   2.04111776e-02,   1.05426797e-02,
                    nan,   5.06143828e-03,   1.82256785e-02,
         6.77285696e-03,   4.68448128e-03,   5.32161590e-03,
         1.00668682e-02,   1.26124941e-02,   0.00000000e+00,
         2.74454947e-02,              nan,   1.32374211e-02,
         6.55685683e-03,   9.09394253e-03,   6.77526085e-03,
         2.21589134e-03,   6.47101440e-03,   2.86745289e-03,
         4.91778223e-03,   8.27766993e-04,              nan,
         0.00000000e+00,   2.61640975e+01,   2.60261407e+01,
         2.58874487e+01,   1.94010309e+01,   1.76113600e+01,
         1.46615142e+01,   1.76113600e+01,   2.56593063e+01,
         2.58843582e+01,   0.00000000e+00,   1.10272390e+01,
         1.70011764e+01,   1.89145447e+01,   1.77380946e+01,
         1.82756669e+01,   1.77380946e+01,   1.69115345e+01,
         2.57417948e+01,   1.12142766e+01,   0.00000000e+00,
         1.71043854e+01,   1.89145447e+01,   1.77380946e+01,
         1.82756669e+01,   1.77380946e+01,   1.69115345e+01,
         2.56982490e+01,   1.67618615e+01,   1.68712774e+01,
         0.00000000e+00,   2.00658915e+01,   1.89673404e+01,
         1.81548891e+01,   1.89673404e+01,   2.15925913e+01,
         1.92187409e+01,   1.87467330e+01,   1.87467330e+01,
         1.99158229e+01,   0.00000000e+00,   1.02097992e+01,
         1.77696370e+01,   1.03266645e+01,   1.99158229e+01,
         1.79108905e+01,   1.80044439e+01,   1.80044439e+01,
         1.92312246e+01,   1.03614671e+01,   0.00000000e+00,
         8.40000000e+00,   4.89897949e-01,   1.92312246e+01,
         1.48323970e+01,   1.84542678e+01,   1.84542678e+01,
         1.83455717e+01,   1.77380946e+01,   8.31865374e+00,
         0.00000000e+00,   8.56504524e+00,   1.83455717e+01,
         1.79108905e+01,   1.80044439e+01,   1.80044439e+01,
         1.92312246e+01,   1.04804580e+01,   4.89897949e-01,
         8.64869932e+00,   0.00000000e+00,   1.92312246e+01,
         2.54668412e+01,   1.66661333e+01,   1.66661333e+01,
         2.18668699e+01,   2.00658915e+01,   1.89673404e+01,
         1.81548891e+01,   1.89673404e+01,   0.00000000e+00,
         4.91875727e-03])]}
K = 20
dataset: synthetic fried
time = 80518.445231
{'perf': [array([  6.92234377e-01,   0.00000000e+00,   0.00000000e+00,
         9.09095343e-01,   9.08604795e-01,   9.12848409e-01,
         9.12186097e-01,   9.11720044e-01,   9.09095343e-01,
         9.08604795e-01,   9.12848409e-01,   9.12186097e-01,
         9.11720044e-01,   8.15360000e+03,   8.15360000e+03,
         8.15360000e+03,   8.15360000e+03,   8.15360000e+03,
         0.00000000e+00,   9.10885942e-01,   9.01874053e-01,
                    nan,   9.43402693e-01,   9.48345823e-01,
         9.56463200e-01,   9.51039774e-01,   9.47530027e-01,
                    nan,   9.44202752e-01,   9.52347304e-01,
         9.54305499e-01,   9.47343443e-01,   9.45353674e-01,
                    nan,   9.60532357e-01,   9.53364841e-01,
         9.43286889e-01,   9.44751454e-01,   9.56711852e-01,
                    nan,   9.59697653e-01,   9.49611206e-01,
         9.46909015e-01,   9.50401120e-01,   9.58710949e-01,
                    nan,   0.00000000e+00,   4.05880000e+03,
         4.07220000e+03,   4.10040000e+03,   4.07800000e+03,
         4.09480000e+03,   0.00000000e+00,   4.08440000e+03,
         4.09580000e+03,   4.07960000e+03,   4.08140000e+03,
         4.06920000e+03,   0.00000000e+00,   4.07000000e+03,
         4.09420000e+03,   4.05320000e+03,   4.05780000e+03,
         4.08360000e+03,   0.00000000e+00,   4.08320000e+03,
         4.07560000e+03,   4.07400000e+03,   4.05940000e+03,
         4.07040000e+03,   0.00000000e+00,   9.50695377e-01]), array([  6.86313068e-03,   0.00000000e+00,   0.00000000e+00,
         4.06803281e-03,   1.56145362e-03,   3.71512831e-03,
         2.15798799e-03,   2.03366407e-03,   4.06803281e-03,
         1.56145362e-03,   3.71512831e-03,   2.15798799e-03,
         2.03366407e-03,   4.89897949e-01,   4.89897949e-01,
         4.89897949e-01,   4.89897949e-01,   4.89897949e-01,
         0.00000000e+00,   1.46377523e-03,   1.99055723e-03,
                    nan,   4.63164450e-03,   1.80461466e-03,
         2.48839000e-03,   4.36648884e-03,   1.18883282e-03,
                    nan,   2.50204292e-03,   2.78788956e-03,
         3.61219632e-03,   3.78636071e-03,   4.71757717e-03,
                    nan,   4.34166532e-03,   1.57257499e-03,
         3.58676299e-03,   2.11454661e-03,   2.35438300e-03,
                    nan,   2.01601148e-03,   3.66960515e-03,
         1.57041256e-03,   3.31210025e-03,   2.68948569e-03,
                    nan,   0.00000000e+00,   6.45210043e+01,
         5.11914055e+01,   2.64317990e+01,   4.94206435e+01,
         6.41573067e+01,   0.00000000e+00,   3.17590932e+01,
         6.22684511e+01,   5.67365843e+01,   5.13521178e+01,
         3.18395980e+01,   0.00000000e+00,   6.56780024e+01,
         6.72826872e+01,   2.64680940e+01,   6.24416528e+01,
         6.55090833e+01,   0.00000000e+00,   3.58407589e+01,
         4.94716080e+01,   5.70298168e+01,   6.72951707e+01,
         3.62414128e+01,   0.00000000e+00,   9.94304590e-04])]}
