number of samples: 4766
NONERECALL: 0.001000
CV: 5
Abstention True
Inverse_laplace 64
{'perf': [array([  1.15612399e-01,   0.00000000e+00,   0.00000000e+00,
         1.00000000e+00,   6.76882008e-01,   5.05245930e-01,
         6.17709715e-01,   5.79519162e-01,   8.20603589e-01,
         1.00000000e+00,   6.75865829e-01,   4.92245738e-01,
         6.16977808e-01,   5.75720831e-01,   8.14837590e-01,
         9.53200000e+02,   9.50200000e+02,   9.28800000e+02,
         9.51400000e+02,   9.44600000e+02,   9.23400000e+02,
         0.00000000e+00,   6.76876794e-01,   5.20643582e-01]), array([  1.70012992e-02,   0.00000000e+00,   0.00000000e+00,
         0.00000000e+00,   1.67172442e-02,   8.43396549e-03,
         1.44772507e-02,   1.60909674e-02,   1.60588944e-02,
         0.00000000e+00,   1.66739741e-02,   8.70180578e-03,
         1.47194502e-02,   1.53163770e-02,   1.62338058e-02,
         4.00000000e-01,   1.83303028e+00,   2.56124969e+00,
         1.01980390e+00,   3.32264955e+00,   6.37495098e+00,
         0.00000000e+00,   3.11049936e-03,   8.54277428e-03])]}
number of samples: 4766
NONERECALL: 0.001000
CV: 5
Abstention False
Inverse_laplace 64
{'perf': [array([  1.15612399e-01,   0.00000000e+00,   0.00000000e+00,
         1.00000000e+00,   6.76882008e-01,   5.05245930e-01,
         6.17709715e-01,   5.79309298e-01,   8.20603589e-01,
         1.00000000e+00,   6.75865829e-01,   4.92245738e-01,
         6.16977808e-01,   5.75510305e-01,   8.14837590e-01,
         9.53200000e+02,   9.50200000e+02,   9.28800000e+02,
         9.51400000e+02,   9.44600000e+02,   9.23400000e+02,
         0.00000000e+00,   6.76833825e-01,   5.20713536e-01]), array([  1.70012992e-02,   0.00000000e+00,   0.00000000e+00,
         0.00000000e+00,   1.67172442e-02,   8.43396549e-03,
         1.44772507e-02,   1.64654497e-02,   1.60588944e-02,
         0.00000000e+00,   1.66739741e-02,   8.70180578e-03,
         1.47194502e-02,   1.56786518e-02,   1.62338058e-02,
         4.00000000e-01,   1.83303028e+00,   2.56124969e+00,
         1.01980390e+00,   3.32264955e+00,   6.37495098e+00,
         0.00000000e+00,   3.17337795e-03,   8.46104011e-03])]}
