number of samples: 5000
NONERECALL: 0.001000
CV: 5
Abstention False
Inverse_laplace 64
{'perf': [array([  1.96000000e-02,   0.00000000e+00,   0.00000000e+00,
         7.17600000e-01,   6.08800000e-01,   8.62200000e-01,
         4.23000000e-01,   5.29600000e-01,   5.79400000e-01,
         3.54600000e-01,   1.00000000e+00,   4.20600000e-01,
         2.97000000e-01,   7.17600000e-01,   6.08800000e-01,
         8.62200000e-01,   4.23000000e-01,   5.29600000e-01,
         5.79400000e-01,   3.54600000e-01,   1.00000000e+00,
         4.20600000e-01,   2.97000000e-01,   1.00000000e+03,
         1.00000000e+03,   1.00000000e+03,   1.00000000e+03,
         1.00000000e+03,   1.00000000e+03,   1.00000000e+03,
         1.00000000e+03,   1.00000000e+03,   1.00000000e+03,
         0.00000000e+00,   5.41066281e-01,   3.28675556e-01,
                    nan,   6.95526932e-01,   2.72534664e-01,
         9.85617505e-01,   8.08935766e-01,   7.07972139e-01,
         9.98604394e-01,   3.44641300e-03,   9.97082037e-01,
         9.98818591e-01,   3.94988819e-01,              nan,
         2.41222133e-02,   9.29256230e-01,   7.53089833e-01,
         4.73863535e-01,   9.98267854e-01,   3.50307187e-03,
         9.81855238e-01,   9.98682130e-01,   7.89213725e-01,
         9.75184840e-01,              nan,   9.96173237e-01,
         9.42323045e-01,   9.25829450e-01,   9.98690128e-01,
         3.86503396e-03,   9.98624204e-01,   9.98852282e-01,
         1.42619729e-02,   9.55646180e-02,   3.70583162e-03,
                    nan,   3.69154117e-01,   1.73389154e-01,
         9.56904022e-01,   4.38354231e-03,   4.52114625e-01,
         9.98703551e-01,   3.27873363e-01,   3.48631228e-01,
         6.84481824e-02,   7.33201801e-01,              nan,
         3.69634812e-01,   9.08190080e-01,   3.50070300e-03,
         7.11519881e-01,   9.98493433e-01,   3.18261237e-01,
         6.09761985e-01,   1.00643796e-01,   8.70977471e-01,
         7.72735683e-01,              nan,   9.98510697e-01,
         3.36995036e-03,   9.49675297e-01,   9.98671430e-01,
         3.48151595e-03,   3.86448621e-03,   4.16841054e-03,
         5.75853807e-02,   1.89229205e-01,   3.01679152e-03,
                    nan,   5.55304687e-03,   1.01477324e-02,
         9.96352608e-01,   9.98597895e-01,   9.98606822e-01,
         9.98657546e-01,   9.98710972e-01,   9.98606425e-01,
         9.98584205e-01,   9.98785352e-01,              nan,
         9.98783600e-01,   9.98869726e-01,   4.10601802e-03,
         2.60305074e-02,   3.61511634e-03,   5.96100669e-01,
         3.77894501e-01,   5.34115252e-02,   9.90451244e-01,
         5.51541973e-03,              nan,   9.98784278e-01,
         6.38635118e-03,   4.09213131e-03,   7.58088237e-03,
         4.30317079e-03,   2.95062465e-03,   3.98605049e-03,
         1.26046708e-02,   8.41761154e-03,   5.51867638e-03,
                    nan,   0.00000000e+00,   5.25400000e+02,
         4.35400000e+02,   6.37000000e+02,   5.32400000e+02,
         4.91800000e+02,   7.14600000e+02,   2.88600000e+02,
         6.13600000e+02,   8.44600000e+02,   4.74600000e+02,
         0.00000000e+00,   4.30400000e+02,   5.69600000e+02,
         5.14000000e+02,   4.85600000e+02,   6.89800000e+02,
         2.84000000e+02,   5.71800000e+02,   7.57000000e+02,
         5.64600000e+02,   5.69600000e+02,   0.00000000e+00,
         6.79000000e+02,   5.61800000e+02,   5.40200000e+02,
         7.61600000e+02,   2.57000000e+02,   7.25000000e+02,
         8.69400000e+02,   3.63000000e+02,   4.30400000e+02,
         3.21000000e+02,   0.00000000e+00,   4.63200000e+02,
         4.05000000e+02,   6.23400000e+02,   2.26200000e+02,
         5.00600000e+02,   7.69400000e+02,   4.67600000e+02,
         4.86000000e+02,   4.38200000e+02,   5.36800000e+02,
         0.00000000e+00,   4.82600000e+02,   5.88200000e+02,
         2.84200000e+02,   5.29000000e+02,   6.62200000e+02,
         5.08200000e+02,   5.14400000e+02,   4.59800000e+02,
         5.95000000e+02,   5.17400000e+02,   0.00000000e+00,
         6.69800000e+02,   2.95400000e+02,   5.92800000e+02,
         7.50800000e+02,   2.85400000e+02,   3.10200000e+02,
         2.38400000e+02,   3.76600000e+02,   4.11800000e+02,
         3.30200000e+02,   0.00000000e+00,   1.78600000e+02,
         3.55800000e+02,   6.57600000e+02,   7.11400000e+02,
         7.16000000e+02,   7.43000000e+02,   7.73800000e+02,
         7.15800000e+02,   7.04600000e+02,   8.21400000e+02,
         0.00000000e+00,   8.20200000e+02,   8.82800000e+02,
         3.86400000e+02,   4.28200000e+02,   2.75000000e+02,
         4.99400000e+02,   4.71000000e+02,   4.07200000e+02,
         6.44200000e+02,   1.79800000e+02,   0.00000000e+00,
         8.20600000e+02,   1.55400000e+02,   2.43000000e+02,
         1.30600000e+02,   2.30600000e+02,   3.37800000e+02,
         2.49200000e+02,   3.42400000e+02,   1.17200000e+02,
         1.79400000e+02,   0.00000000e+00,   1.38700816e-01]), array([  2.41660919e-03,   0.00000000e+00,   0.00000000e+00,
         2.52396513e-02,   2.28508206e-02,   1.01271911e-02,
         2.55421221e-02,   2.00559218e-02,   2.68372875e-02,
         9.24337601e-03,   0.00000000e+00,   2.27385136e-02,
         7.15541753e-03,   2.52396513e-02,   2.28508206e-02,
         1.01271911e-02,   2.55421221e-02,   2.00559218e-02,
         2.68372875e-02,   9.24337601e-03,   0.00000000e+00,
         2.27385136e-02,   7.15541753e-03,   0.00000000e+00,
         0.00000000e+00,   0.00000000e+00,   0.00000000e+00,
         0.00000000e+00,   0.00000000e+00,   0.00000000e+00,
         0.00000000e+00,   0.00000000e+00,   0.00000000e+00,
         0.00000000e+00,   1.39216703e-03,   4.02965795e-03,
                    nan,   3.08399192e-02,   4.29915787e-02,
         6.50823920e-03,   2.40806902e-02,   6.79323164e-02,
         1.32984311e-05,   1.33104715e-04,   2.58013752e-03,
         1.59124543e-05,   2.19801893e-02,              nan,
         1.05712780e-02,   2.09173497e-02,   1.91150688e-02,
         2.38199876e-02,   5.65153095e-04,   1.51034168e-04,
         8.90443556e-03,   2.13315989e-05,   3.13439237e-02,
         1.36057369e-02,              nan,   2.38664951e-03,
         1.70479404e-02,   2.09650706e-02,   1.94877360e-05,
         1.24080507e-04,   1.96785170e-05,   1.26366913e-05,
         2.12307504e-03,   2.94591794e-02,   1.18197002e-03,
                    nan,   1.95284284e-02,   1.82130704e-02,
         1.51881321e-02,   7.87657754e-05,   3.93540316e-02,
         1.15804692e-05,   2.15040477e-02,   1.66887219e-02,
         1.24890879e-02,   2.97350602e-02,              nan,
         2.14784304e-02,   7.90464250e-03,   1.51523784e-04,
         3.82764283e-02,   3.85213136e-05,   6.72973396e-02,
         3.48422141e-02,   2.75205139e-02,   1.77093496e-02,
         1.54223513e-02,              nan,   3.35734462e-05,
         1.57985492e-04,   1.06589334e-02,   1.61668395e-05,
         8.53364588e-05,   1.35276836e-03,   1.86376620e-04,
         8.33270445e-03,   1.28215933e-02,   1.42451092e-04,
                    nan,   2.94963137e-04,   6.57743398e-03,
         1.23900286e-03,   2.27996236e-05,   2.42412719e-05,
         1.52306939e-05,   6.85196242e-06,   2.45640621e-05,
         2.84476394e-05,   1.44751492e-05,              nan,
         1.34571925e-05,   9.24808412e-06,   2.04178682e-03,
         1.10163595e-02,   1.34102188e-04,   2.95861642e-02,
         4.16333153e-02,   1.68531654e-02,   6.54866574e-03,
         2.94148781e-04,              nan,   8.85410699e-06,
         4.58885727e-04,   2.08773446e-04,   5.45788716e-04,
         1.32142298e-04,   1.52738072e-04,   1.42334799e-04,
         5.88397319e-03,   4.71846438e-04,   1.81791303e-04,
                    nan,   0.00000000e+00,   1.65118140e+01,
         6.59090282e+00,   1.17132404e+01,   1.96631635e+01,
         1.59298462e+01,   6.88767014e+00,   1.14821601e+01,
         1.62554606e+01,   1.13771701e+01,   1.65118140e+01,
         0.00000000e+00,   8.95767827e+00,   2.86258624e+01,
         1.02371871e+01,   1.21424874e+01,   1.31057239e+01,
         1.24418648e+01,   1.38477435e+01,   1.23288280e+01,
         6.59090282e+00,   8.95767827e+00,   0.00000000e+00,
         1.11892806e+01,   1.38188277e+01,   1.46205335e+01,
         1.12000000e+01,   8.41427359e+00,   1.03537433e+01,
         9.58331884e+00,   1.17132404e+01,   2.86258624e+01,
         1.11892806e+01,   0.00000000e+00,   1.17881296e+01,
         1.06395489e+01,   1.45958898e+01,   4.11825206e+00,
         2.18778427e+01,   6.94550214e+00,   1.96631635e+01,
         1.02371871e+01,   1.38188277e+01,   1.17881296e+01,
         0.00000000e+00,   7.65767589e+00,   1.19565881e+01,
         1.25602548e+01,   1.21161050e+01,   1.71743996e+01,
         1.59298462e+01,   1.21424874e+01,   1.46205335e+01,
         1.06395489e+01,   7.65767589e+00,   0.00000000e+00,
         1.53022874e+01,   1.40939703e+01,   9.57914401e+00,
         9.10823803e+00,   6.88767014e+00,   1.31057239e+01,
         1.12000000e+01,   1.45958898e+01,   1.19565881e+01,
         1.53022874e+01,   0.00000000e+00,   9.76933979e+00,
         9.38935568e+00,   1.50013333e+01,   1.14821601e+01,
         1.24418648e+01,   8.41427359e+00,   4.11825206e+00,
         1.25602548e+01,   1.40939703e+01,   9.76933979e+00,
         0.00000000e+00,   9.19565115e+00,   7.16658915e+00,
         1.62554606e+01,   1.38477435e+01,   1.03537433e+01,
         2.18778427e+01,   1.21161050e+01,   9.57914401e+00,
         9.38935568e+00,   9.19565115e+00,   0.00000000e+00,
         5.98665182e+00,   1.13771701e+01,   1.23288280e+01,
         9.58331884e+00,   6.94550214e+00,   1.71743996e+01,
         9.10823803e+00,   1.50013333e+01,   7.16658915e+00,
         5.98665182e+00,   0.00000000e+00,   3.44467103e-03])]}
