dataset: synthetic iris
{'perf': [array([  0.72      ,   0.        ,   0.        ,   0.83333333,
         0.90666667,   0.98      ,   0.83333333,   0.90666667,
         0.98      ,  30.        ,  30.        ,  30.        ,
         0.        ,   0.90400966,   0.80444444,          nan,
         0.64680587,   0.93823529,   0.91419192,          nan,
         0.82847819,   0.91737968,   0.88827839,          nan,
         0.        ,  15.6       ,  14.6       ,  14.4       ,
         0.        ,  20.        ,  15.4       ,  10.        ,
         0.        ,   0.84719773]), array([ 0.0718022 ,  0.        ,  0.        ,  0.02108185,  0.06463573,
        0.02666667,  0.02108185,  0.06463573,  0.02666667,  0.        ,
        0.        ,  0.        ,  0.        ,  0.02343133,  0.04949124,
               nan,  0.07401013,  0.01085833,  0.02395686,         nan,
        0.08651769,  0.03229198,  0.06924191,         nan,  0.        ,
        3.61109402,  2.33238076,  3.61109402,  0.        ,  2.0976177 ,
        2.33238076,  2.0976177 ,  0.        ,  0.03249049])]}
dataset: synthetic wine
{'perf': [array([  0.92698413,   0.        ,   0.        ,   0.97190476,
         0.96619048,   0.98333333,   0.97190476,   0.96619048,
         0.98333333,  35.6       ,  35.6       ,  35.6       ,
         0.        ,   0.97351975,   0.94761905,          nan,
         0.92137926,   0.95570191,   0.88364047,          nan,
         0.95740028,   0.87712843,   0.91044872,          nan,
         0.        ,  20.4       ,  24.8       ,  15.2       ,
         0.        ,  25.8       ,  10.8       ,   9.8       ,
         0.        ,   0.91654979]), array([ 0.01364526,  0.        ,  0.        ,  0.02520563,  0.02109141,
        0.02222222,  0.02520563,  0.02109141,  0.02222222,  0.48989795,
        0.48989795,  0.48989795,  0.        ,  0.00354281,  0.00716926,
               nan,  0.02776668,  0.01074843,  0.04891957,         nan,
        0.01030365,  0.04413769,  0.02142752,         nan,  0.        ,
        1.49666295,  3.12409987,  1.72046505,  0.        ,  2.85657137,
        3.05941171,  2.71293199,  0.        ,  0.00685132])]}
dataset: synthetic glass
{'perf': [array([  0.56987818,   0.        ,   0.        ,   0.97198228,
         0.87364341,   0.76223699,   0.83145072,   0.88748616,
         0.93466224,   0.97198228,   0.87364341,   0.76223699,
         0.83145072,   0.88748616,   0.93466224,  42.8       ,
        42.8       ,  42.8       ,  42.8       ,  42.8       ,
        42.8       ,   0.        ,   0.87316126,   0.81172388,
                nan,   0.94149936,   0.97470448,   0.96709916,
         0.96091516,   0.95142349,   0.40831169,          nan,
         0.70441176,   0.97544829,   0.9757874 ,   0.95284834,
         0.14147727,   0.96409677,          nan,   0.86694926,
         0.9317565 ,   0.92901748,   0.34410256,   0.33809524,
         0.6517094 ,          nan,   0.96591071,   0.9578661 ,
         0.19642857,   0.16309524,   0.25714286,   0.30428571,
                nan,   0.92427752,   0.63126984,   0.74111111,
         0.64793651,   0.73484127,   0.74242424,          nan,
         0.        ,  35.6       ,  37.8       ,  35.        ,
        39.2       ,  35.4       ,   7.2       ,   0.        ,
        16.6       ,  38.8       ,  39.4       ,  36.6       ,
         5.        ,  26.2       ,   0.        ,  34.2       ,
        39.        ,  35.4       ,   7.8       ,   4.        ,
         8.6       ,   0.        ,  38.6       ,  36.4       ,
         3.6       ,   3.4       ,   3.8       ,   4.2       ,
         0.        ,  35.2       ,   7.4       ,   6.2       ,
         7.4       ,   6.4       ,   7.6       ,   0.        ,   0.62507581]), array([  6.48709793e-02,   0.00000000e+00,   0.00000000e+00,
         2.27644122e-02,   4.38241675e-02,   6.37508355e-02,
         4.18329170e-02,   5.10019380e-02,   2.69719795e-02,
         2.27644122e-02,   4.38241675e-02,   6.37508355e-02,
         4.18329170e-02,   5.10019380e-02,   2.69719795e-02,
         4.00000000e-01,   4.00000000e-01,   4.00000000e-01,
         4.00000000e-01,   4.00000000e-01,   4.00000000e-01,
         0.00000000e+00,   1.51932859e-02,   3.96194377e-02,
                    nan,   1.97665592e-02,   2.04609082e-03,
         1.22805606e-02,   1.24276781e-02,   2.08163641e-02,
         1.20586636e-01,              nan,   7.08914247e-02,
         9.94301672e-04,   1.16756413e-03,   2.03353311e-02,
         6.38869862e-02,   4.07871446e-03,              nan,
         5.88296879e-02,   2.86321020e-02,   4.33078715e-02,
         1.54540314e-01,   1.22705702e-01,   1.18969324e-01,
                    nan,   1.06115646e-02,   2.21037654e-02,
         7.96374295e-02,   2.34194233e-02,   9.33138950e-02,
         1.02777747e-01,              nan,   4.38165842e-02,
         1.19017562e-01,   7.23161782e-02,   1.16954725e-01,
         9.96347575e-02,   1.32242245e-01,              nan,
         0.00000000e+00,   2.05912603e+00,   3.31058907e+00,
         2.82842712e+00,   2.03960781e+00,   1.62480768e+00,
         1.83303028e+00,   0.00000000e+00,   2.80000000e+00,
         1.72046505e+00,   2.05912603e+00,   1.74355958e+00,
         3.46410162e+00,   3.05941171e+00,   0.00000000e+00,
         2.92574777e+00,   1.67332005e+00,   1.62480768e+00,
         2.56124969e+00,   1.54919334e+00,   2.72763634e+00,
         0.00000000e+00,   1.74355958e+00,   1.01980390e+00,
         1.85472370e+00,   1.85472370e+00,   1.46969385e+00,
         1.46969385e+00,   0.00000000e+00,   1.16619038e+00,
         1.62480768e+00,   1.72046505e+00,   1.62480768e+00,
         1.01980390e+00,   1.20000000e+00,   0.00000000e+00,
         3.64547787e-02])]}
dataset: synthetic bodyfat
{'perf': [array([  4.36862745e-02,   0.00000000e+00,   0.00000000e+00,
         5.67450980e-01,   5.99372549e-01,   6.47137255e-01,
         6.50666667e-01,   5.91372549e-01,   5.67372549e-01,
         6.82431373e-01,   5.67450980e-01,   5.99372549e-01,
         6.47137255e-01,   6.50666667e-01,   5.91372549e-01,
         5.67372549e-01,   6.82431373e-01,   5.04000000e+01,
         5.04000000e+01,   5.04000000e+01,   5.04000000e+01,
         5.04000000e+01,   5.04000000e+01,   5.04000000e+01,
         0.00000000e+00,   6.12266744e-01,   2.71529412e-01,
                    nan,   6.14183926e-01,   5.03493125e-01,
         6.04761905e-01,   5.60957886e-01,   6.17101449e-01,
         6.76502393e-01,   6.17813820e-01,              nan,
         5.99166351e-01,   6.38096859e-01,   6.18133718e-01,
         6.21859543e-01,   6.89484127e-01,   5.79077870e-01,
         6.22290009e-01,              nan,   6.18077325e-01,
         6.33816120e-01,   6.47277460e-01,   6.62220080e-01,
         6.63033454e-01,   6.84579334e-01,   6.70440192e-01,
                    nan,   6.54915344e-01,   6.19750916e-01,
         6.77357228e-01,   6.29979626e-01,   5.63419913e-01,
         5.94402116e-01,   5.89670330e-01,              nan,
         5.24489102e-01,   6.34650099e-01,   6.17590686e-01,
         6.26171530e-01,   6.19265606e-01,   5.59931792e-01,
         5.84776532e-01,              nan,   6.64173757e-01,
         7.30538953e-01,   6.63826673e-01,   6.10219780e-01,
         6.38628900e-01,   6.45450067e-01,   6.10703963e-01,
                    nan,   0.00000000e+00,   2.60000000e+01,
         2.38000000e+01,   2.58000000e+01,   2.64000000e+01,
         2.22000000e+01,   2.48000000e+01,   2.44000000e+01,
         0.00000000e+00,   2.46000000e+01,   2.60000000e+01,
         2.64000000e+01,   2.38000000e+01,   2.48000000e+01,
         2.66000000e+01,   2.58000000e+01,   0.00000000e+00,
         2.68000000e+01,   2.54000000e+01,   2.44000000e+01,
         2.40000000e+01,   2.46000000e+01,   2.44000000e+01,
         2.36000000e+01,   0.00000000e+00,   2.44000000e+01,
         2.50000000e+01,   2.50000000e+01,   2.40000000e+01,
         2.40000000e+01,   2.50000000e+01,   2.60000000e+01,
         0.00000000e+00,   2.44000000e+01,   2.64000000e+01,
         2.82000000e+01,   2.66000000e+01,   2.60000000e+01,
         2.54000000e+01,   2.60000000e+01,   0.00000000e+00,
         2.74000000e+01,   2.56000000e+01,   2.56000000e+01,
         2.64000000e+01,   2.54000000e+01,   2.40000000e+01,
         2.30000000e+01,   0.00000000e+00,   6.17198124e-01]), array([ 0.0320415 ,  0.        ,  0.        ,  0.0405961 ,  0.04412321,
        0.04120477,  0.06931417,  0.0397199 ,  0.01673256,  0.01938921,
        0.0405961 ,  0.04412321,  0.04120477,  0.06931417,  0.0397199 ,
        0.01673256,  0.01938921,  0.48989795,  0.48989795,  0.48989795,
        0.48989795,  0.48989795,  0.48989795,  0.48989795,  0.        ,
        0.00601574,  0.03018768,         nan,  0.09013456,  0.05287886,
        0.10836642,  0.07333116,  0.04129744,  0.04652852,  0.06704016,
               nan,  0.06769062,  0.06884699,  0.05298399,  0.07594806,
        0.07081902,  0.04089325,  0.09886261,         nan,  0.12028188,
        0.06821781,  0.07913588,  0.07553886,  0.06445027,  0.06332323,
        0.02446455,         nan,  0.14020319,  0.08390484,  0.11863278,
        0.02589841,  0.13246612,  0.10149934,  0.07707691,         nan,
        0.09265529,  0.09642063,  0.10765304,  0.05947313,  0.07282715,
        0.08944019,  0.0562771 ,         nan,  0.05322265,  0.03574524,
        0.04410341,  0.02773849,  0.07046535,  0.01640136,  0.09115844,
               nan,  0.        ,  4.14728827,  1.46969385,  2.22710575,
        1.74355958,  2.31516738,  1.72046505,  4.54312668,  0.        ,
        1.74355958,  5.09901951,  4.45421149,  2.78567766,  5.30659966,
        1.356466  ,  1.6       ,  0.        ,  2.71293199,  1.0198039 ,
        2.05912603,  3.74165739,  2.41660919,  4.7581509 ,  2.87054002,
        0.        ,  1.62480768,  1.78885438,  2.0976177 ,  2.        ,
        4.33589668,  1.09544512,  1.78885438,  0.        ,  2.72763634,
        5.0039984 ,  2.63818119,  2.57681975,  1.8973666 ,  2.15406592,
        2.60768096,  0.        ,  1.8547237 ,  1.74355958,  5.08330601,
        3.49857114,  1.74355958,  4.89897949,  1.67332005,  0.        ,
        0.01490619])]}
dataset: synthetic housing
{'perf': [array([   0.19565133,    0.        ,    0.        ,    0.69171035,
          0.7668608 ,    0.47825665,    0.74129295,    0.66787032,
          0.77866434,    0.69171035,    0.7668608 ,    0.47825665,
          0.74129295,    0.66787032,    0.77866434,  101.2       ,
        101.2       ,  101.2       ,  101.2       ,  101.2       ,
        101.2       ,    0.        ,    0.67763005,    0.60554197,
                 nan,    0.77936141,    0.96190608,    0.90333635,
          0.5832971 ,    0.7025821 ,    0.91228414,           nan,
          0.95822467,    0.9543611 ,    0.81647447,    0.61097334,
          0.57052591,    0.78670177,           nan,    0.47577312,
          0.65290394,    0.93539884,    0.63747771,    0.83510221,
          0.81725999,           nan,    0.71633208,    0.92999226,
          0.68584454,    0.85254201,    0.91514191,    0.8579596 ,
                 nan,    0.68881674,    0.88061563,    0.86486399,
          0.85968017,    0.89416092,    0.86442495,           nan,
          0.        ,   58.6       ,   45.4       ,   46.6       ,
         48.        ,   50.8       ,   42.6       ,    0.        ,
         55.2       ,   58.4       ,   50.4       ,   40.8       ,
         55.8       ,   46.        ,    0.        ,   64.4       ,
         53.8       ,   29.2       ,   54.6       ,   42.8       ,
         36.8       ,    0.        ,   53.8       ,   32.        ,
         53.2       ,   50.8       ,   47.4       ,   47.4       ,
          0.        ,   47.6       ,   50.4       ,   60.4       ,
         72.        ,   69.2       ,   53.6       ,    0.        ,
          0.78407432]), array([  9.65265397e-03,   0.00000000e+00,   0.00000000e+00,
         1.11813509e-02,   3.05027814e-02,   4.31138158e-02,
         5.23877483e-02,   4.60869116e-02,   2.76413544e-02,
         1.11813509e-02,   3.05027814e-02,   4.31138158e-02,
         5.23877483e-02,   4.60869116e-02,   2.76413544e-02,
         4.00000000e-01,   4.00000000e-01,   4.00000000e-01,
         4.00000000e-01,   4.00000000e-01,   4.00000000e-01,
         0.00000000e+00,   1.02116970e-02,   8.73410398e-03,
                    nan,   1.88815181e-02,   8.79164337e-03,
         2.13816045e-02,   3.94025426e-02,   2.54363281e-02,
         3.10490509e-02,              nan,   1.33407394e-02,
         1.97373271e-02,   6.73668435e-02,   4.91770715e-02,
         3.43712881e-02,   2.25350124e-02,              nan,
         1.55208232e-02,   5.69058310e-02,   5.75494135e-03,
         1.53148119e-02,   1.76856925e-02,   6.11107383e-02,
                    nan,   1.36027206e-02,   2.93237124e-02,
         4.78097133e-02,   3.00452355e-02,   2.59220945e-02,
         5.40835059e-02,              nan,   4.31784516e-02,
         3.56056494e-02,   4.04526851e-02,   2.25634879e-02,
         3.07074623e-02,   2.01493838e-02,              nan,
         0.00000000e+00,   4.45421149e+00,   2.87054002e+00,
         5.16139516e+00,   4.14728827e+00,   5.11468474e+00,
         4.58693798e+00,   0.00000000e+00,   1.72046505e+00,
         2.80000000e+00,   3.92937654e+00,   6.04648658e+00,
         3.18747549e+00,   1.78885438e+00,   0.00000000e+00,
         5.88557559e+00,   2.78567766e+00,   2.71293199e+00,
         5.46260011e+00,   2.92574777e+00,   6.04648658e+00,
         0.00000000e+00,   4.48998886e+00,   3.46410162e+00,
         4.26145515e+00,   3.70944740e+00,   2.41660919e+00,
         4.27083130e+00,   0.00000000e+00,   3.32264955e+00,
         5.27636238e+00,   5.88557559e+00,   2.44948974e+00,
         3.31058907e+00,   3.38230691e+00,   0.00000000e+00,
         5.86132041e-03])]}
dataset: synthetic stock
{'perf': [array([   0.26315789,    0.        ,    0.        ,    0.75052632,
          0.71684211,    0.74421053,    0.79684211,    0.68842105,
          0.75052632,    0.71684211,    0.74421053,    0.79684211,
          0.68842105,  190.        ,  190.        ,  190.        ,
        190.        ,  190.        ,    0.        ,    0.73798687,
          0.64315789,           nan,    0.87518935,    0.97733906,
          0.806866  ,    0.73992534,    0.79128003,           nan,
          0.89852411,    0.62092184,    0.8516783 ,    0.88434153,
          0.850021  ,           nan,    0.96104021,    0.64930745,
          0.7122632 ,    0.93548909,    0.91015171,           nan,
          0.81695259,    0.67718708,    0.76514502,    0.80000124,
          0.74826138,           nan,    0.        ,   84.2       ,
         85.        ,  118.2       ,   95.2       ,  105.8       ,
          0.        ,  116.8       ,   90.        ,  110.4       ,
        105.        ,   73.2       ,    0.        ,   69.8       ,
         89.        ,   71.8       ,  100.        ,  120.2       ,
          0.        ,   85.6       ,   94.8       ,   79.6       ,
        101.        ,  104.4       ,    0.        ,    0.80646659]), array([  3.92449513e-02,   0.00000000e+00,   0.00000000e+00,
         1.78016153e-02,   2.73279052e-02,   2.01380279e-02,
         3.80406547e-02,   3.05807138e-02,   1.78016153e-02,
         2.73279052e-02,   2.01380279e-02,   3.80406547e-02,
         3.05807138e-02,   0.00000000e+00,   0.00000000e+00,
         0.00000000e+00,   0.00000000e+00,   0.00000000e+00,
         0.00000000e+00,   4.35050076e-03,   1.80611458e-02,
                    nan,   3.55988818e-02,   1.18001131e-02,
         3.61134305e-02,   4.45098254e-02,   3.79122514e-02,
                    nan,   3.06148747e-02,   5.82166385e-02,
         2.88696558e-02,   1.76858961e-02,   4.25613563e-02,
                    nan,   1.32224714e-02,   4.14592761e-02,
         4.17357567e-02,   2.09197818e-02,   1.36787727e-02,
                    nan,   4.88717701e-02,   3.04807669e-02,
         3.98828230e-02,   2.54629328e-02,   4.41309111e-02,
                    nan,   0.00000000e+00,   4.16653333e+00,
         5.65685425e+00,   9.86711711e+00,   5.84465568e+00,
         4.16653333e+00,   0.00000000e+00,   6.85273668e+00,
         5.01996016e+00,   3.61109402e+00,   5.65685425e+00,
         6.85273668e+00,   0.00000000e+00,   5.49181209e+00,
         5.09901951e+00,   9.86711711e+00,   5.01996016e+00,
         5.49181209e+00,   0.00000000e+00,   5.08330601e+00,
         5.84465568e+00,   3.61109402e+00,   5.09901951e+00,
         5.08330601e+00,   0.00000000e+00,   8.44708576e-03])]}
dataset: synthetic vehicle
{'perf': [array([   0.52481726,    0.        ,    0.        ,    0.8629377 ,
          0.79071354,    0.79782109,    0.97993039,    0.8629377 ,
          0.79071354,    0.79782109,    0.97993039,  169.2       ,
        169.2       ,  169.2       ,  169.2       ,    0.        ,
          0.8539295 ,    0.75567931,           nan,    0.86326847,
          0.91156256,    0.94676831,    0.6472089 ,           nan,
          0.82092922,    0.92157897,    0.551715  ,    0.80753316,
                 nan,    0.83209829,    0.9727362 ,    0.95943094,
          0.98938826,           nan,    0.        ,  116.6       ,
        110.4       ,   75.8       ,   52.6       ,    0.        ,
        111.2       ,   77.6       ,   58.8       ,   58.        ,
          0.        ,   76.4       ,   93.4       ,   91.6       ,
         92.8       ,    0.        ,    0.83919173]), array([  1.75039214e-02,   0.00000000e+00,   0.00000000e+00,
         2.45375842e-02,   4.59938059e-02,   3.82659788e-02,
         1.37259961e-02,   2.45375842e-02,   4.59938059e-02,
         3.82659788e-02,   1.37259961e-02,   4.00000000e-01,
         4.00000000e-01,   4.00000000e-01,   4.00000000e-01,
         0.00000000e+00,   7.40056777e-03,   2.41317706e-02,
                    nan,   4.79339029e-02,   2.49984879e-02,
         1.51524790e-02,   8.88886729e-02,              nan,
         4.77564925e-02,   2.47920372e-02,   4.33133524e-02,
         8.86785440e-02,              nan,   4.25469070e-02,
         1.10087134e-02,   2.62840329e-02,   7.90134625e-04,
                    nan,   0.00000000e+00,   4.45421149e+00,
         7.31026675e+00,   5.49181209e+00,   4.49888875e+00,
         0.00000000e+00,   7.44043010e+00,   5.46260011e+00,
         6.99714227e+00,   7.12741187e+00,   0.00000000e+00,
         7.73563184e+00,   5.42586399e+00,   5.35163526e+00,
         7.60000000e+00,   0.00000000e+00,   1.61915613e-02])]}
dataset: synthetic authorship
{'perf': [array([  1.29585799e-01,   0.00000000e+00,   0.00000000e+00,
         5.79085658e-01,   5.76697661e-01,   1.00000000e+00,
         6.06382079e-01,   5.79085658e-01,   5.76697661e-01,
         1.00000000e+00,   6.06382079e-01,   1.68200000e+02,
         1.68200000e+02,   1.68200000e+02,   1.68200000e+02,
         0.00000000e+00,   6.70145513e-01,   4.97412417e-01,
                    nan,   9.09212199e-01,   5.97634910e-01,
         8.63728919e-01,   9.53652891e-01,              nan,
         5.81296464e-01,   8.14210829e-01,   9.28571429e-01,
         9.22683983e-01,              nan,   9.39094260e-01,
         9.74209895e-01,   9.78624367e-01,   4.82897775e-01,
                    nan,   0.00000000e+00,   8.88000000e+01,
         1.55600000e+02,   1.23200000e+02,   7.94000000e+01,
         0.00000000e+00,   1.56600000e+02,   1.14400000e+02,
         1.26000000e+01,   1.16000000e+01,   0.00000000e+00,
         1.58000000e+01,   4.50000000e+01,   5.38000000e+01,
         1.52400000e+02,   0.00000000e+00,   8.08279122e-01]), array([  2.76476095e-02,   0.00000000e+00,   0.00000000e+00,
         2.21199117e-02,   3.91469002e-02,   0.00000000e+00,
         3.08902848e-02,   2.21199117e-02,   3.91469002e-02,
         0.00000000e+00,   3.08902848e-02,   4.00000000e-01,
         4.00000000e-01,   4.00000000e-01,   4.00000000e-01,
         0.00000000e+00,   6.20631024e-03,   1.47841168e-02,
                    nan,   1.16538795e-02,   3.01983822e-02,
         2.25903452e-02,   1.00728401e-02,              nan,
         3.62662679e-02,   4.00976948e-02,   1.30410133e-02,
         1.54050525e-02,              nan,   2.00820025e-02,
         9.05599130e-03,   5.43919921e-03,   4.20806110e-02,
                    nan,   0.00000000e+00,   4.70744092e+00,
         2.93938769e+00,   3.76297754e+00,   4.75815090e+00,
         0.00000000e+00,   3.00665928e+00,   6.80000000e+00,
         3.32264955e+00,   3.38230691e+00,   0.00000000e+00,
         4.26145515e+00,   4.00000000e+00,   7.02566723e+00,
         4.12795349e+00,   0.00000000e+00,   5.78856994e-03])]}
dataset: synthetic vowel
{'perf': [array([  7.95327942e-02,   0.00000000e+00,   0.00000000e+00,
         4.43270440e-01,   4.62228212e-01,   5.11482480e-01,
         5.13261456e-01,   5.83270440e-01,   6.09883199e-01,
         7.30979335e-01,   6.89451932e-01,   6.70206649e-01,
         8.33333333e-01,   6.02192273e-01,   4.43270440e-01,
         4.62228212e-01,   5.11482480e-01,   5.13261456e-01,
         5.83270440e-01,   6.09883199e-01,   7.30979335e-01,
         6.89451932e-01,   6.70206649e-01,   8.33333333e-01,
         6.02192273e-01,   1.05600000e+02,   1.05600000e+02,
         1.05600000e+02,   1.05600000e+02,   1.05600000e+02,
         1.05600000e+02,   1.05600000e+02,   1.05600000e+02,
         1.05600000e+02,   1.05600000e+02,   1.05600000e+02,
         0.00000000e+00,   5.91949676e-01,   5.58423916e-01,
                    nan,   7.14367381e-01,   7.06913373e-01,
         7.51199582e-01,   7.07958380e-01,   7.17590415e-01,
         6.98294406e-01,   7.38464611e-01,   8.80064374e-01,
         9.21251494e-01,   7.51205652e-01,   8.60931973e-01,
                    nan,   7.34568218e-01,   7.49560821e-01,
         7.29345130e-01,   6.95041713e-01,   6.85960398e-01,
         7.59697206e-01,   8.85813710e-01,   9.03781803e-01,
         6.57846420e-01,   7.96296296e-01,   4.79563492e-01,
                    nan,   5.91238492e-01,   6.77108215e-01,
         6.54288885e-01,   7.09959483e-01,   7.58721272e-01,
         8.82077077e-01,   9.09845789e-01,   5.47927516e-01,
         6.84138699e-01,   6.22447693e-01,   7.36515152e-01,
                    nan,   6.09606754e-01,   5.92761276e-01,
         6.89847212e-01,   7.74762653e-01,   7.99780289e-01,
         9.08560561e-01,   5.14663986e-01,   8.73051286e-01,
         8.25437570e-01,   9.07449732e-01,   9.36108857e-01,
                    nan,   5.58376812e-01,   5.81467181e-01,
         8.33610825e-01,   8.58857316e-01,   8.98613424e-01,
         7.61390370e-01,   7.44765191e-01,   6.88539595e-01,
         8.04911041e-01,   8.75537255e-01,   7.91975287e-01,
                    nan,   6.24093728e-01,   8.24551256e-01,
         8.67914096e-01,   8.84864335e-01,   7.68952147e-01,
         8.15387078e-01,   8.71735242e-01,   8.73777731e-01,
         9.36359437e-01,   9.14914530e-01,   9.52629569e-01,
                    nan,   8.01442847e-01,   8.05954340e-01,
         8.65125914e-01,   7.92939458e-01,   8.14575102e-01,
         8.88805561e-01,   9.21730866e-01,   9.57555110e-01,
         9.14867008e-01,   9.42101010e-01,   6.81170875e-01,
                    nan,   5.31072803e-01,   8.16390838e-01,
         6.92098196e-01,   7.94044088e-01,   8.49779889e-01,
         8.61602993e-01,   8.44551202e-01,   8.23009390e-01,
         9.00549595e-01,   7.71653005e-01,   7.72459817e-01,
                    nan,   7.89897419e-01,   7.10240832e-01,
         8.58470793e-01,   9.05152737e-01,   9.18857102e-01,
         8.56025755e-01,   8.85096707e-01,   9.40289151e-01,
         9.13958833e-01,   8.64709126e-01,   9.16061381e-01,
                    nan,   6.87282007e-01,   6.22221446e-01,
         5.16294785e-01,   6.58700976e-01,   6.64905601e-01,
         5.67374807e-01,   6.43061710e-01,   5.53413059e-01,
         7.83239817e-01,   8.53502297e-01,   8.89009069e-01,
                    nan,   0.00000000e+00,   6.02000000e+01,
         8.36000000e+01,   7.04000000e+01,   6.80000000e+01,
         5.40000000e+01,   5.64000000e+01,   7.60000000e+01,
         5.32000000e+01,   6.98000000e+01,   5.26000000e+01,
         4.54000000e+01,   0.00000000e+00,   9.08000000e+01,
         7.84000000e+01,   7.04000000e+01,   5.82000000e+01,
         6.10000000e+01,   7.68000000e+01,   5.78000000e+01,
         7.24000000e+01,   5.64000000e+01,   2.20000000e+01,
         1.48000000e+01,   0.00000000e+00,   7.26000000e+01,
         6.84000000e+01,   5.56000000e+01,   5.30000000e+01,
         7.20000000e+01,   5.38000000e+01,   6.82000000e+01,
         5.62000000e+01,   3.52000000e+01,   2.72000000e+01,
         3.30000000e+01,   0.00000000e+00,   7.82000000e+01,
         6.80000000e+01,   6.28000000e+01,   7.38000000e+01,
         5.66000000e+01,   6.56000000e+01,   5.80000000e+01,
         3.76000000e+01,   3.52000000e+01,   3.72000000e+01,
         2.74000000e+01,   0.00000000e+00,   7.06000000e+01,
         6.96000000e+01,   7.44000000e+01,   6.02000000e+01,
         6.84000000e+01,   5.94000000e+01,   5.16000000e+01,
         4.74000000e+01,   5.00000000e+01,   3.76000000e+01,
         3.50000000e+01,   0.00000000e+00,   7.36000000e+01,
         7.68000000e+01,   6.34000000e+01,   7.10000000e+01,
         7.04000000e+01,   4.92000000e+01,   4.46000000e+01,
         5.26000000e+01,   4.28000000e+01,   3.60000000e+01,
         3.20000000e+01,   0.00000000e+00,   8.24000000e+01,
         6.70000000e+01,   7.56000000e+01,   5.80000000e+01,
         2.96000000e+01,   2.88000000e+01,   3.36000000e+01,
         3.18000000e+01,   3.12000000e+01,   2.88000000e+01,
         2.32000000e+01,   0.00000000e+00,   5.56000000e+01,
         7.28000000e+01,   4.66000000e+01,   5.24000000e+01,
         4.78000000e+01,   5.18000000e+01,   4.90000000e+01,
         4.54000000e+01,   4.22000000e+01,   3.86000000e+01,
         5.00000000e+01,   0.00000000e+00,   8.70000000e+01,
         5.96000000e+01,   3.58000000e+01,   3.32000000e+01,
         3.74000000e+01,   4.00000000e+01,   3.72000000e+01,
         3.46000000e+01,   3.00000000e+01,   3.28000000e+01,
         1.86000000e+01,   0.00000000e+00,   5.20000000e+01,
         5.30000000e+01,   4.92000000e+01,   4.94000000e+01,
         4.76000000e+01,   4.62000000e+01,   3.52000000e+01,
         4.76000000e+01,   5.90000000e+01,   4.60000000e+01,
         5.36000000e+01,   0.00000000e+00,   7.65860443e-01]), array([ 0.0309162 ,  0.        ,  0.        ,  0.04879838,  0.056738  ,
        0.04829249,  0.05216206,  0.04311693,  0.05772226,  0.0505976 ,
        0.03420662,  0.0587132 ,  0.03098644,  0.0278586 ,  0.04879838,
        0.056738  ,  0.04829249,  0.05216206,  0.04311693,  0.05772226,
        0.0505976 ,  0.03420662,  0.0587132 ,  0.03098644,  0.0278586 ,
        0.48989795,  0.48989795,  0.48989795,  0.48989795,  0.48989795,
        0.48989795,  0.48989795,  0.48989795,  0.48989795,  0.48989795,
        0.48989795,  0.        ,  0.01556573,  0.01556156,         nan,
        0.03611348,  0.05565758,  0.08696692,  0.08318569,  0.09143194,
        0.03454695,  0.0364878 ,  0.03506724,  0.02865269,  0.09459119,
        0.02684985,         nan,  0.03791869,  0.07544378,  0.03274858,
        0.08496439,  0.04371771,  0.05115231,  0.03295379,  0.02325152,
        0.11886174,  0.07959732,  0.08353528,         nan,  0.06139772,
        0.03474245,  0.07860912,  0.05354173,  0.0424672 ,  0.05161964,
        0.01974642,  0.08366174,  0.07462069,  0.03014134,  0.02132223,
               nan,  0.03482586,  0.07070811,  0.03950128,  0.04806716,
        0.05999568,  0.01755556,  0.05190503,  0.03201131,  0.02722264,
        0.01515693,  0.03362523,         nan,  0.06642898,  0.04180667,
        0.02661407,  0.04495886,  0.04187286,  0.07012651,  0.06016667,
        0.03717477,  0.0344339 ,  0.04052862,  0.05989724,         nan,
        0.07651894,  0.01956932,  0.0375716 ,  0.02031126,  0.05972864,
        0.05815334,  0.03335056,  0.03010727,  0.02073854,  0.05754054,
        0.02293629,         nan,  0.0346587 ,  0.03123399,  0.03427443,
        0.03965559,  0.02391861,  0.017373  ,  0.06742504,  0.01749185,
        0.03917149,  0.00986852,  0.07264747,         nan,  0.03192683,
        0.03714329,  0.03881694,  0.05360231,  0.04091221,  0.06580737,
        0.05327543,  0.04077029,  0.03013541,  0.05044778,  0.0549784 ,
               nan,  0.05730114,  0.04080756,  0.05861102,  0.04121085,
        0.01615394,  0.04130307,  0.04487135,  0.03041725,  0.01247633,
        0.04103668,  0.04698709,         nan,  0.06523408,  0.05626328,
        0.04157041,  0.0243242 ,  0.04734147,  0.04042351,  0.05252626,
        0.04117754,  0.05988712,  0.04004211,  0.05420656,         nan,
        0.        ,  1.93907194,  1.95959179,  1.8547237 ,  3.34664011,
        3.34664011,  2.72763634,  3.40587727,  2.22710575,  4.83321839,
        2.65329983,  2.05912603,  0.        ,  2.48193473,  1.356466  ,
        3.92937654,  3.05941171,  4.51663592,  3.31058907,  3.31058907,
        4.12795349,  4.45421149,  1.8973666 ,  2.03960781,  0.        ,
        4.22374242,  3.2       ,  3.13687743,  3.89871774,  5.21536192,
        2.48193473,  5.87877538,  4.16653333,  2.03960781,  1.16619038,
        4.19523539,  0.        ,  3.18747549,  4.5607017 ,  4.11825206,
        3.48711915,  2.33238076,  5.27636238,  2.44948974,  3.38230691,
        3.86781592,  3.05941171,  3.2       ,  0.        ,  2.24499443,
        1.95959179,  4.8       ,  2.92574777,  5.23832034,  3.77359245,
        3.26190129,  2.8       ,  3.16227766,  4.67332858,  2.44948974,
        0.        ,  3.38230691,  3.76297754,  1.49666295,  4.28952212,
        5.08330601,  2.48193473,  4.40908154,  3.77359245,  3.96988665,
        1.67332005,  3.03315018,  0.        ,  4.12795349,  4.5607017 ,
        4.45421149,  3.68781778,  3.0724583 ,  3.05941171,  4.92341345,
        3.31058907,  4.53431362,  3.65513338,  4.16653333,  0.        ,
        6.34350061,  6.11228272,  1.49666295,  2.33238076,  3.31058907,
        2.48193473,  2.0976177 ,  2.93938769,  1.32664992,  4.49888875,
        6.29285309,  0.        ,  2.44948974,  2.24499443,  4.53431362,
        3.96988665,  5.67802783,  4.93963561,  4.95580468,  4.02988834,
        4.19523539,  5.70613705,  2.24499443,  0.        ,  3.57770876,
        2.44948974,  4.26145515,  3.97994975,  2.33238076,  4.01995025,
        5.15363949,  3.97994975,  1.78885438,  2.60768096,  3.87814389,
        0.        ,  0.00862933])]}
dataset: synthetic segment
{'perf': [array([  3.26839827e-01,   0.00000000e+00,   0.00000000e+00,
         6.32467532e-01,   9.67965368e-01,   5.61471861e-01,
         3.85281385e-01,   5.67532468e-01,   9.54978355e-01,
         8.95238095e-01,   6.32467532e-01,   9.67965368e-01,
         5.61471861e-01,   3.85281385e-01,   5.67532468e-01,
         9.54978355e-01,   8.95238095e-01,   4.62000000e+02,
         4.62000000e+02,   4.62000000e+02,   4.62000000e+02,
         4.62000000e+02,   4.62000000e+02,   4.62000000e+02,
         0.00000000e+00,   6.75200207e-01,   7.33044733e-01,
                    nan,   7.66801406e-01,   8.68702350e-01,
         9.93422322e-01,   6.82179896e-01,   8.78588750e-01,
         8.96802310e-01,   9.89006310e-01,              nan,
         9.87012368e-01,   9.85123021e-01,   9.86471532e-01,
         8.23038541e-01,   9.76274617e-01,   7.14288473e-01,
         7.87069165e-01,              nan,   9.85313598e-01,
         9.75842483e-01,   8.54518588e-01,   8.28919953e-01,
         9.00577230e-01,   8.23746397e-01,   7.74618178e-01,
                    nan,   9.18873752e-01,   6.69402448e-01,
         7.71127293e-01,   7.80969477e-01,   7.70727393e-01,
         8.11799663e-01,   9.96024187e-01,              nan,
         8.63355255e-01,   8.45109482e-01,   9.82138978e-01,
         8.90343104e-01,   9.91675918e-01,   9.84985270e-01,
         9.91140879e-01,              nan,   9.66263291e-01,
         9.24658618e-01,   9.26586733e-01,   9.88005182e-01,
         9.92100425e-01,   9.88044419e-01,   8.70415778e-01,
                    nan,   0.00000000e+00,   3.72000000e+02,
         2.35800000e+02,   2.40400000e+02,   1.85200000e+02,
         2.95600000e+02,   3.54800000e+02,   9.00000000e+01,
         0.00000000e+00,   7.58000000e+01,   6.56000000e+01,
         8.86000000e+01,   8.68000000e+01,   1.81800000e+02,
         2.26200000e+02,   3.86200000e+02,   0.00000000e+00,
         2.28000000e+02,   1.57200000e+02,   3.18600000e+02,
         3.62600000e+02,   2.21600000e+02,   3.96400000e+02,
         2.34000000e+02,   0.00000000e+00,   2.12200000e+02,
         3.97200000e+02,   3.36800000e+02,   2.76800000e+02,
         3.73400000e+02,   3.04800000e+02,   2.49800000e+02,
         0.00000000e+00,   3.06800000e+02,   3.62200000e+02,
         1.66400000e+02,   3.75200000e+02,   1.43400000e+02,
         6.48000000e+01,   1.55200000e+02,   0.00000000e+00,
         2.23000000e+02,   1.07200000e+02,   2.80200000e+02,
         9.94000000e+01,   1.25200000e+02,   9.98000000e+01,
         2.39000000e+02,   0.00000000e+00,   8.84917927e-01]), array([  2.10747384e-02,   0.00000000e+00,   0.00000000e+00,
         3.44257928e-02,   6.47906041e-03,   1.09173335e-02,
         3.06106832e-02,   1.80784528e-02,   8.70119101e-03,
         1.70213015e-02,   3.44257928e-02,   6.47906041e-03,
         1.09173335e-02,   3.06106832e-02,   1.80784528e-02,
         8.70119101e-03,   1.70213015e-02,   0.00000000e+00,
         0.00000000e+00,   0.00000000e+00,   0.00000000e+00,
         0.00000000e+00,   0.00000000e+00,   0.00000000e+00,
         0.00000000e+00,   1.20734006e-02,   1.21292028e-02,
                    nan,   1.46321408e-02,   2.36627626e-02,
         1.94982160e-03,   2.63494008e-02,   2.27502078e-02,
         1.24576886e-02,   1.16050090e-03,              nan,
         1.30005511e-03,   1.11123493e-03,   5.24215279e-03,
         2.08497524e-02,   1.17485344e-02,   1.87514070e-02,
         1.83952279e-02,              nan,   5.81000555e-03,
         8.14241017e-03,   1.39949509e-02,   1.20437386e-02,
         8.97482203e-03,   2.22182120e-02,   3.11999927e-02,
                    nan,   1.62031982e-02,   3.00285061e-02,
         1.36776975e-02,   2.92864495e-02,   1.84969397e-02,
         1.47994680e-02,   1.29940176e-04,              nan,
         2.13698767e-02,   2.50233272e-02,   7.20542235e-03,
         2.17061192e-02,   2.99847552e-03,   8.29750204e-04,
         2.92248990e-03,              nan,   1.26043475e-02,
         1.54444954e-02,   1.38895795e-02,   4.54835128e-03,
         5.42435893e-04,   4.56573801e-03,   2.78738850e-02,
                    nan,   0.00000000e+00,   9.85900604e+00,
         2.48193473e+00,   5.88557559e+00,   1.01469207e+01,
         8.47584804e+00,   5.49181209e+00,   9.85900604e+00,
         0.00000000e+00,   8.03492377e+00,   5.12249939e+00,
         9.11262860e+00,   5.91269820e+00,   1.37753403e+01,
         2.48193473e+00,   8.03492377e+00,   0.00000000e+00,
         7.48331477e+00,   8.68101377e+00,   7.49933330e+00,
         5.31413210e+00,   5.88557559e+00,   5.12249939e+00,
         7.48331477e+00,   0.00000000e+00,   8.54166260e+00,
         3.60000000e+00,   8.90842298e+00,   1.01469207e+01,
         9.11262860e+00,   8.68101377e+00,   8.54166260e+00,
         0.00000000e+00,   8.08455317e+00,   5.30659966e+00,
         8.47584804e+00,   5.91269820e+00,   7.49933330e+00,
         3.60000000e+00,   8.08455317e+00,   0.00000000e+00,
         1.67332005e+00,   5.49181209e+00,   1.37753403e+01,
         5.31413210e+00,   8.90842298e+00,   5.30659966e+00,
         1.67332005e+00,   0.00000000e+00,   4.20886862e-03])]}
dataset: synthetic wisconsin
{'perf': [array([  0.04615385,   0.        ,   0.        ,   0.60863698,
         0.48434548,   0.57179487,   0.64439946,   0.48974359,
         0.61282051,   0.66518219,   0.5928475 ,   0.61848853,
         0.57233468,   0.61889339,   0.5148448 ,   0.57665317,
         0.6388664 ,   0.60323887,   0.62928475,   0.60863698,
         0.48434548,   0.57179487,   0.64439946,   0.48974359,
         0.61282051,   0.66518219,   0.5928475 ,   0.61848853,
         0.57233468,   0.61889339,   0.5148448 ,   0.57665317,
         0.6388664 ,   0.60323887,   0.62928475,  38.8       ,
        38.8       ,  38.8       ,  38.8       ,  38.8       ,
        38.8       ,  38.8       ,  38.8       ,  38.8       ,
        38.8       ,  38.8       ,  38.8       ,  38.8       ,
        38.8       ,  38.8       ,  38.8       ,   0.        ,
         0.58376266,   0.56289024,          nan,   0.68701525,
         0.72964389,   0.67978697,   0.65679426,   0.81747623,
         0.72270175,   0.81094983,   0.79195935,   0.70840404,
         0.75227395,   0.65739766,   0.75667075,   0.69495115,
         0.74187135,   0.65150697,   0.61305835,          nan,
         0.59694806,   0.65149412,   0.66948385,   0.76547428,
         0.69373252,   0.78799499,   0.74666994,   0.703474  ,
         0.73370644,   0.76086591,   0.62949839,   0.70403509,
         0.7706372 ,   0.65408471,   0.73773419,   0.61400422,
                nan,   0.62030912,   0.7285847 ,   0.77974026,
         0.70685158,   0.79054226,   0.7690954 ,   0.77899448,
         0.77887374,   0.72915751,   0.80189394,   0.73630952,
         0.77444444,   0.68545029,   0.73750607,   0.67330303,
         0.70848997,          nan,   0.70198943,   0.77955901,
         0.75983437,   0.761853  ,   0.7757619 ,   0.70779623,
         0.73821518,   0.75390787,   0.71086048,   0.77970844,
         0.68977273,   0.61210301,   0.56024845,   0.70339968,
         0.66560035,   0.6354768 ,          nan,   0.77656038,
         0.74303692,   0.80189878,   0.79935065,   0.60646271,
         0.70070028,   0.70048309,   0.74119674,   0.69609626,
         0.74424154,   0.67752088,   0.83849192,   0.79727038,
         0.79955437,   0.78235751,   0.8037629 ,          nan,
         0.82816017,   0.68119122,   0.6231049 ,   0.87961724,
         0.84766781,   0.84680643,   0.84451284,   0.83774981,
         0.85785772,   0.719419  ,   0.75006356,   0.73062319,
         0.76177489,   0.74774892,   0.77983632,   0.8696306 ,
                nan,   0.88620491,   0.872228  ,   0.84632581,
         0.78236253,   0.85640901,   0.83415584,   0.79757576,
         0.80006588,   0.72929147,   0.80939061,   0.78930121,
         0.73757764,   0.73249629,   0.82380619,   0.6307614 ,
         0.78680519,          nan,   0.62987013,   0.88838647,
         0.83174089,   0.84020696,   0.81686209,   0.82823308,
         0.82579719,   0.71095096,   0.84430812,   0.82444847,
         0.81728114,   0.78616703,   0.83738817,   0.69246646,
         0.84309524,   0.69642365,          nan,   0.87355556,
         0.89023627,   0.85567047,   0.87194203,   0.85441999,
         0.87168387,   0.70222897,   0.76531169,   0.70296283,
         0.76167893,   0.70819048,   0.78759357,   0.86680656,
         0.83314355,   0.86700264,   0.83007246,          nan,
         0.72182299,   0.74522078,   0.75254771,   0.74181072,
         0.66557986,   0.67397534,   0.83574922,   0.77573749,
         0.81246176,   0.7381325 ,   0.78546697,   0.8152519 ,
         0.85077239,   0.85364024,   0.83098698,   0.72667937,
                nan,   0.71939242,   0.75196796,   0.66256566,
         0.66489115,   0.71368417,   0.74979024,   0.81301112,
         0.77766845,   0.76923285,   0.688     ,   0.80276718,
         0.84672313,   0.80543626,   0.8451533 ,   0.64119389,
         0.59326224,          nan,   0.68719728,   0.70202429,
         0.68784314,   0.63668091,   0.72409035,   0.72842593,
         0.78795544,   0.6755715 ,   0.70253085,   0.78507729,
         0.81878411,   0.79462916,   0.75623364,   0.6671509 ,
         0.70833333,   0.59285304,          nan,   0.68769841,
         0.73369697,   0.65374074,   0.78501732,   0.7763107 ,
         0.78412698,   0.81734225,   0.77585748,   0.81006645,
         0.84653209,   0.8530199 ,   0.80357143,   0.76284461,
         0.73064734,   0.70416667,   0.76701754,          nan,
         0.70114096,   0.63267457,   0.73301602,   0.76314173,
         0.77038291,   0.7073769 ,   0.81968737,   0.89892857,
         0.87353611,   0.88313725,   0.88871148,   0.70145137,
         0.66655411,   0.76951319,   0.82942683,   0.6666329 ,
                nan,   0.71058264,   0.72316667,   0.73709524,
         0.7711455 ,   0.71385931,   0.77703919,   0.74699793,
         0.78407115,   0.7908658 ,   0.74319674,   0.78695238,
         0.78448413,   0.72688912,   0.71880295,   0.73003463,
         0.84715083,          nan,   0.        ,  20.4       ,
        20.6       ,  19.6       ,  18.4       ,  18.2       ,
        19.6       ,  18.4       ,  18.8       ,  18.8       ,
        18.6       ,  19.        ,  19.        ,  18.4       ,
        18.2       ,  19.8       ,  18.4       ,   0.        ,
        19.4       ,  19.        ,  20.2       ,  17.8       ,
        17.8       ,  18.        ,  17.6       ,  18.2       ,
        18.6       ,  19.        ,  21.        ,  19.        ,
        18.        ,  19.6       ,  18.2       ,  19.4       ,
         0.        ,  20.        ,  18.4       ,  18.8       ,
        18.4       ,  18.        ,  19.8       ,  17.2       ,
        18.2       ,  19.2       ,  17.6       ,  17.4       ,
        18.        ,  19.4       ,  19.2       ,  19.8       ,
        18.8       ,   0.        ,  18.        ,  19.        ,
        19.4       ,  18.8       ,  19.4       ,  16.8       ,
        16.8       ,  18.8       ,  17.6       ,  18.4       ,
        17.6       ,  20.4       ,  20.4       ,  18.6       ,
        20.4       ,  20.8       ,   0.        ,  18.        ,
        18.8       ,  19.        ,  18.4       ,  18.6       ,
        17.8       ,  18.        ,  19.6       ,  18.2       ,
        17.6       ,  19.8       ,  20.6       ,  21.        ,
        20.        ,  19.8       ,  20.8       ,   0.        ,
        19.4       ,  22.6       ,  22.6       ,  21.2       ,
        22.4       ,  21.8       ,  20.4       ,  20.2       ,
        23.4       ,  18.8       ,  19.2       ,  21.        ,
        20.4       ,  19.4       ,  20.        ,  19.4       ,
         0.        ,  18.6       ,  19.8       ,  19.        ,
        19.6       ,  19.        ,  18.6       ,  18.8       ,
        20.4       ,  20.2       ,  20.4       ,  20.8       ,
        20.8       ,  20.        ,  19.8       ,  16.2       ,
        20.2       ,   0.        ,  17.6       ,  21.        ,
        21.8       ,  21.2       ,  20.4       ,  20.        ,
        23.2       ,  18.8       ,  20.        ,  21.2       ,
        19.        ,  19.4       ,  20.4       ,  16.2       ,
        19.        ,  21.2       ,   0.        ,  20.        ,
        21.8       ,  21.8       ,  19.6       ,  19.8       ,
        22.4       ,  18.4       ,  20.        ,  20.6       ,
        21.6       ,  22.        ,  20.2       ,  17.6       ,
        19.8       ,  17.8       ,  18.8       ,   0.        ,
        20.4       ,  20.4       ,  19.2       ,  20.4       ,
        18.6       ,  20.8       ,  20.2       ,  20.2       ,
        20.6       ,  22.        ,  21.        ,  16.4       ,
        19.2       ,  17.        ,  17.        ,  18.4       ,
         0.        ,  20.2       ,  18.8       ,  19.        ,
        19.        ,  19.2       ,  19.8       ,  19.8       ,
        19.6       ,  20.        ,  20.8       ,  17.        ,
        19.8       ,  17.6       ,  17.        ,  18.4       ,
        18.6       ,   0.        ,  18.        ,  18.4       ,
        18.8       ,  20.2       ,  19.8       ,  17.8       ,
        21.2       ,  21.2       ,  19.2       ,  18.4       ,
        20.2       ,  18.4       ,  19.2       ,  19.6       ,
        20.        ,  20.8       ,   0.        ,  20.2       ,
        20.6       ,  20.8       ,  20.4       ,  19.8       ,
        21.4       ,  20.4       ,  20.6       ,  18.6       ,
        20.        ,  18.8       ,  19.        ,  18.4       ,
        19.8       ,  20.4       ,  18.6       ,   0.        ,
        19.4       ,  20.4       ,  20.6       ,  20.8       ,
        20.8       ,  21.2       ,  21.2       ,  15.4       ,
        18.4       ,  15.6       ,  16.4       ,  20.2       ,
        19.8       ,  20.        ,  18.2       ,  19.4       ,
         0.        ,  20.6       ,  19.        ,  19.2       ,
        19.4       ,  18.4       ,  19.        ,  20.        ,
        18.6       ,  20.        ,  20.4       ,  18.        ,
        19.6       ,  18.6       ,  18.        ,  18.4       ,
        18.2       ,   0.        ,   0.74685823]), array([ 0.04411449,  0.        ,  0.        ,  0.08493237,  0.09126879,
        0.06666667,  0.04343299,  0.03662271,  0.05869499,  0.05243466,
        0.04335241,  0.06595533,  0.05386019,  0.06985602,  0.06703771,
        0.11611084,  0.08255139,  0.04332804,  0.06617036,  0.08493237,
        0.09126879,  0.06666667,  0.04343299,  0.03662271,  0.05869499,
        0.05243466,  0.04335241,  0.06595533,  0.05386019,  0.06985602,
        0.06703771,  0.11611084,  0.08255139,  0.04332804,  0.06617036,
        0.4       ,  0.4       ,  0.4       ,  0.4       ,  0.4       ,
        0.4       ,  0.4       ,  0.4       ,  0.4       ,  0.4       ,
        0.4       ,  0.4       ,  0.4       ,  0.4       ,  0.4       ,
        0.4       ,  0.        ,  0.01075106,  0.01297983,         nan,
        0.09008859,  0.07594491,  0.0869958 ,  0.09378986,  0.04175713,
        0.0565537 ,  0.06819084,  0.08001896,  0.10764554,  0.08547308,
        0.07300026,  0.10347049,  0.05496231,  0.09691726,  0.14156993,
        0.08257795,         nan,  0.06964164,  0.12078367,  0.13796726,
        0.09909136,  0.04946642,  0.05770643,  0.12234188,  0.07310625,
        0.09315012,  0.05650508,  0.05303165,  0.0940134 ,  0.07586751,
        0.07001835,  0.12040871,  0.09400677,         nan,  0.06209197,
        0.08497396,  0.03091576,  0.06012103,  0.04522384,  0.04258011,
        0.07906729,  0.13997808,  0.08280774,  0.04866667,  0.06503951,
        0.06953106,  0.11117235,  0.1293957 ,  0.11353063,  0.09974693,
               nan,  0.14320741,  0.06268199,  0.09838182,  0.0405377 ,
        0.04668474,  0.12571657,  0.11247543,  0.0502608 ,  0.07805637,
        0.09024342,  0.06400108,  0.09116732,  0.06789628,  0.14180436,
        0.08216   ,  0.07263075,         nan,  0.10391368,  0.09635203,
        0.08799991,  0.11248666,  0.16204261,  0.03149112,  0.02066594,
        0.06070202,  0.16297581,  0.08651925,  0.11511829,  0.04550454,
        0.04195568,  0.04858377,  0.09928401,  0.0668557 ,         nan,
        0.07909739,  0.09474599,  0.07617541,  0.02689131,  0.04330322,
        0.02668028,  0.05145293,  0.05813627,  0.02601666,  0.12936771,
        0.08713759,  0.09838624,  0.11118107,  0.13995488,  0.06724467,
        0.01372749,         nan,  0.04257462,  0.0309861 ,  0.02250845,
        0.05740038,  0.04340365,  0.0282198 ,  0.06995735,  0.08141717,
        0.05519565,  0.05932898,  0.03493324,  0.06922827,  0.09932363,
        0.05546287,  0.07176533,  0.10867526,         nan,  0.10888973,
        0.02537408,  0.05365242,  0.03005522,  0.06757759,  0.0887326 ,
        0.06142385,  0.1195882 ,  0.03796112,  0.0376343 ,  0.05154292,
        0.05775594,  0.08067829,  0.06147761,  0.08837279,  0.07503845,
               nan,  0.02387622,  0.04342156,  0.04811689,  0.06230836,
        0.05384775,  0.03262203,  0.11113351,  0.04335979,  0.04949856,
        0.06170193,  0.04853818,  0.04891579,  0.03720172,  0.0680259 ,
        0.02689892,  0.07347483,         nan,  0.08803625,  0.08149855,
        0.04018199,  0.11152396,  0.06091765,  0.11934692,  0.04687151,
        0.08278559,  0.06922915,  0.03920451,  0.04397181,  0.06420006,
        0.05306539,  0.04577116,  0.07571982,  0.07148065,         nan,
        0.06233911,  0.09639677,  0.05916308,  0.12070335,  0.09105049,
        0.06408294,  0.07292759,  0.02083442,  0.08522607,  0.06046487,
        0.04733617,  0.06081944,  0.01605893,  0.0657239 ,  0.12486015,
        0.07806912,         nan,  0.08713886,  0.08200155,  0.06560164,
        0.09673623,  0.06391651,  0.0696082 ,  0.07492501,  0.13653121,
        0.05538761,  0.07669139,  0.05926501,  0.06093272,  0.0613128 ,
        0.14227711,  0.14757296,  0.15863755,         nan,  0.12096733,
        0.13264137,  0.09852829,  0.05510793,  0.06071974,  0.08786256,
        0.05710114,  0.06212205,  0.05536805,  0.0410211 ,  0.03989009,
        0.0515873 ,  0.08839251,  0.08849563,  0.07021791,  0.10144175,
               nan,  0.05489022,  0.08663235,  0.05029321,  0.04166789,
        0.05269378,  0.03333514,  0.10014835,  0.05339972,  0.03389072,
        0.03582737,  0.07553057,  0.08749702,  0.07486378,  0.06102641,
        0.05514816,  0.06664649,         nan,  0.07085795,  0.12317377,
        0.06403946,  0.04973501,  0.1270497 ,  0.09819533,  0.09805143,
        0.09265311,  0.09156746,  0.07725912,  0.11950298,  0.06357935,
        0.07179506,  0.04064881,  0.08226632,  0.07699675,         nan,
        0.        ,  3.49857114,  1.8547237 ,  2.05912603,  1.356466  ,
        2.13541565,  2.41660919,  1.74355958,  1.72046505,  2.63818119,
        3.92937654,  2.52982213,  3.03315018,  1.74355958,  2.03960781,
        3.86781592,  3.2       ,  0.        ,  2.87054002,  2.75680975,
        2.03960781,  2.31516738,  1.72046505,  3.2249031 ,  2.65329983,
        3.18747549,  3.72021505,  3.28633535,  3.74165739,  2.52982213,
        1.41421356,  3.13687743,  1.72046505,  3.00665928,  0.        ,
        2.96647939,  2.65329983,  3.24961536,  1.8547237 ,  3.03315018,
        3.31058907,  2.22710575,  3.12409987,  2.63818119,  2.93938769,
        2.8       ,  2.19089023,  3.00665928,  2.31516738,  3.12409987,
        3.05941171,  0.        ,  3.03315018,  4.69041576,  0.8       ,
        3.65513338,  4.92341345,  1.72046505,  3.31058907,  2.78567766,
        2.72763634,  3.2       ,  2.93938769,  2.87054002,  1.2       ,
        2.41660919,  2.41660919,  2.78567766,  0.        ,  1.78885438,
        3.31058907,  2.0976177 ,  2.24499443,  2.72763634,  2.92574777,
        2.44948974,  3.92937654,  3.05941171,  3.61109402,  1.72046505,
        2.41660919,  2.60768096,  3.52136337,  4.70744092,  1.93907194,
        0.        ,  1.49666295,  3.2       ,  1.49666295,  2.92574777,
        3.49857114,  4.4       ,  3.55527777,  2.31516738,  3.26190129,
        4.26145515,  2.22710575,  1.67332005,  1.8547237 ,  0.8       ,
        3.09838668,  1.49666295,  0.        ,  1.49666295,  1.46969385,
        2.0976177 ,  1.8547237 ,  1.41421356,  0.8       ,  1.6       ,
        1.0198039 ,  2.63818119,  1.8547237 ,  3.54400903,  3.31058907,
        3.63318042,  2.22710575,  2.92574777,  1.46969385,  0.        ,
        3.2       ,  2.75680975,  3.6       ,  4.26145515,  3.49857114,
        2.19089023,  3.18747549,  3.7094474 ,  2.        ,  2.92574777,
        3.57770876,  4.92341345,  2.41660919,  1.6       ,  1.54919334,
        3.37045991,  0.        ,  3.40587727,  3.18747549,  4.16653333,
        3.26190129,  2.92574777,  3.87814389,  4.02988834,  2.44948974,
        2.93938769,  2.05912603,  1.54919334,  2.63818119,  2.72763634,
        2.13541565,  2.56124969,  3.18747549,  0.        ,  2.41660919,
        1.8547237 ,  3.05941171,  2.15406592,  3.00665928,  2.78567766,
        3.86781592,  3.65513338,  3.13687743,  3.28633535,  3.03315018,
        3.2       ,  1.72046505,  3.34664011,  2.89827535,  2.41660919,
        0.        ,  3.76297754,  1.83303028,  2.36643191,  1.67332005,
        3.42928564,  2.31516738,  3.18747549,  2.57681975,  2.44948974,
        2.31516738,  4.04969135,  1.16619038,  3.92937654,  3.84707681,
        1.62480768,  3.38230691,  0.        ,  2.60768096,  2.8       ,
        3.18747549,  4.4       ,  2.85657137,  3.81575681,  2.85657137,
        2.63818119,  3.81575681,  3.26190129,  0.74833148,  3.2       ,
        2.92574777,  2.8       ,  1.78885438,  2.85657137,  0.        ,
        2.4       ,  1.74355958,  3.31058907,  1.8547237 ,  2.78567766,
        2.93938769,  3.00665928,  3.0724583 ,  2.15406592,  1.26491106,
        1.93907194,  2.68328157,  2.05912603,  2.48193473,  3.2       ,
        2.33238076,  0.        ,  2.4979992 ,  3.26190129,  1.95959179,
        1.32664992,  2.03960781,  2.71293199,  3.42928564,  3.00665928,
        1.0198039 ,  2.93938769,  3.55527777,  2.92574777,  1.72046505,
        3.40587727,  1.72046505,  2.41660919,  0.        ,  2.72763634,
        4.09878031,  3.48711915,  3.26190129,  3.13687743,  1.8973666 ,
        4.60434577,  3.00665928,  4.        ,  4.31740663,  3.03315018,
        3.72021505,  4.63033476,  3.57770876,  3.61109402,  3.05941171,
        0.        ,  0.00688535])]}
dataset: synthetic cpu
{'perf': [array([  1.14503245e-01,   0.00000000e+00,   0.00000000e+00,
         5.92776575e-01,   7.05688793e-01,   6.76636786e-01,
         5.22950055e-01,   8.62792390e-01,   5.92776575e-01,
         7.05688793e-01,   6.76636786e-01,   5.22950055e-01,
         8.62792390e-01,   1.63840000e+03,   1.63840000e+03,
         1.63840000e+03,   1.63840000e+03,   1.63840000e+03,
         0.00000000e+00,   6.62483852e-01,   3.57960816e-01,
                    nan,   7.21664517e-01,   6.47882517e-01,
         7.27566086e-01,   5.29407363e-01,   5.77382642e-01,
                    nan,   5.17727293e-01,   6.31498471e-01,
         6.33933609e-01,   7.75280731e-01,   7.64939274e-01,
                    nan,   6.26981959e-01,   5.58155724e-01,
         8.20326980e-01,   7.54079592e-01,   6.84713211e-01,
                    nan,   5.08315751e-01,   8.20483510e-01,
         8.13727282e-01,   7.97590489e-01,   7.63037747e-01,
                    nan,   0.00000000e+00,   9.43600000e+02,
         9.47200000e+02,   5.25400000e+02,   1.02400000e+03,
         6.94800000e+02,   0.00000000e+00,   6.48400000e+02,
         6.57600000e+02,   8.42600000e+02,   6.91200000e+02,
         9.90000000e+02,   0.00000000e+00,   5.29800000e+02,
         1.00600000e+03,   1.11300000e+03,   9.80800000e+02,
         1.10860000e+03,   0.00000000e+00,   1.15080000e+03,
         6.14400000e+02,   7.95800000e+02,   6.32400000e+02,
         4.87600000e+02,   0.00000000e+00,   6.75277275e-01]), array([  9.43414213e-03,   0.00000000e+00,   0.00000000e+00,
         1.35503805e-02,   1.27236414e-02,   1.31441057e-02,
         1.23560627e-02,   6.95409136e-03,   1.35503805e-02,
         1.27236414e-02,   1.31441057e-02,   1.23560627e-02,
         6.95409136e-03,   4.89897949e-01,   4.89897949e-01,
         4.89897949e-01,   4.89897949e-01,   4.89897949e-01,
         0.00000000e+00,   4.45325065e-03,   1.31533153e-02,
                    nan,   1.22896490e-02,   1.09298382e-02,
         2.49850151e-02,   1.75019724e-02,   2.13919675e-02,
                    nan,   1.82842970e-02,   1.34238686e-02,
         1.78088272e-02,   8.17114943e-03,   1.69719440e-02,
                    nan,   2.36848095e-02,   1.71141558e-02,
         1.95745506e-02,   2.03727182e-02,   1.77711851e-02,
                    nan,   2.02720510e-02,   1.55613104e-02,
         1.44496849e-02,   1.18909528e-02,   1.94252955e-02,
                    nan,   0.00000000e+00,   3.00772339e+01,
         2.03017241e+01,   4.92341345e+00,   1.87723200e+01,
         2.99626434e+01,   0.00000000e+00,   2.62876397e+01,
         1.22245654e+01,   3.21284920e+01,   2.05075596e+01,
         2.64272587e+01,   0.00000000e+00,   2.09131538e+01,
         2.16979262e+01,   5.29150262e+00,   1.22049170e+01,
         2.07615028e+01,   0.00000000e+00,   1.99739831e+01,
         1.86826122e+01,   3.20711709e+01,   2.14997674e+01,
         1.96529896e+01,   0.00000000e+00,   6.31481562e-03])]}
dataset: synthetic calhousing
{'perf': [array([  1.16230620e-01,   0.00000000e+00,   0.00000000e+00,
         6.50678295e-01,   6.12500000e-01,   5.51453488e-01,
         8.00872093e-01,   6.50678295e-01,   6.12500000e-01,
         5.51453488e-01,   8.00872093e-01,   4.12800000e+03,
         4.12800000e+03,   4.12800000e+03,   4.12800000e+03,
         0.00000000e+00,   6.47667528e-01,   1.89518734e-01,
                    nan,   5.41996174e-01,   6.24360044e-01,
         4.80713114e-01,   6.23116354e-01,              nan,
         6.65113277e-01,   4.81866411e-01,   5.25726102e-01,
         5.51761665e-01,              nan,   4.73898545e-01,
         7.55768697e-01,   6.89892741e-01,   7.53895496e-01,
                    nan,   0.00000000e+00,   1.90580000e+03,
         1.60060000e+03,   2.12220000e+03,   2.22220000e+03,
         0.00000000e+00,   2.13700000e+03,   2.11000000e+03,
         2.52740000e+03,   1.99100000e+03,   0.00000000e+00,
         2.11780000e+03,   2.00580000e+03,   2.01800000e+03,
         2.01020000e+03,   0.00000000e+00,   5.89264376e-01]), array([  5.92275457e-03,   0.00000000e+00,   0.00000000e+00,
         2.00349546e-03,   7.04204741e-03,   1.16042638e-02,
         9.43462127e-03,   2.00349546e-03,   7.04204741e-03,
         1.16042638e-02,   9.43462127e-03,   0.00000000e+00,
         0.00000000e+00,   0.00000000e+00,   0.00000000e+00,
         0.00000000e+00,   3.18512099e-03,   1.07665267e-02,
                    nan,   1.27211601e-02,   6.93217509e-03,
         1.06215299e-02,   8.96050100e-03,              nan,
         1.07296029e-02,   1.05695685e-02,   1.32506289e-02,
         1.14637310e-02,              nan,   1.21824686e-02,
         8.51641123e-03,   9.14046114e-03,   7.44193320e-03,
                    nan,   0.00000000e+00,   3.55606524e+01,
         1.25634390e+01,   3.79757818e+01,   3.55606524e+01,
         0.00000000e+00,   2.71514272e+01,   4.00749298e+01,
         1.25634390e+01,   2.71514272e+01,   0.00000000e+00,
         4.24282924e+01,   3.79757818e+01,   4.00749298e+01,
         4.24282924e+01,   0.00000000e+00,   5.85255176e-03])]}
dataset: synthetic elevators
{'perf': [array([  1.56275097e-01,   0.00000000e+00,   0.00000000e+00,
         7.16128896e-01,   7.49805065e-01,   7.59865089e-01,
         5.56780221e-01,   5.62805080e-01,   7.14797842e-01,
         5.29007812e-01,   9.53973181e-01,   5.80757087e-01,
         7.16128896e-01,   7.49805065e-01,   7.59865089e-01,
         5.56780221e-01,   5.62805080e-01,   7.14797842e-01,
         5.29007812e-01,   9.53973181e-01,   5.80757087e-01,
         3.31980000e+03,   3.31980000e+03,   3.31980000e+03,
         3.31980000e+03,   3.31980000e+03,   3.31980000e+03,
         3.31980000e+03,   3.31980000e+03,   3.31980000e+03,
         0.00000000e+00,   6.68581410e-01,   5.55765964e-01,
                    nan,   6.12760206e-01,   8.13113109e-01,
         7.98230157e-01,   8.59682889e-01,   8.77495480e-01,
         8.66737706e-01,   8.77595266e-01,   7.87706433e-01,
         5.49802108e-01,              nan,   9.93048590e-01,
         8.87690317e-01,   8.65575279e-01,   8.86468091e-01,
         8.79061919e-01,   8.85958804e-01,   8.80736561e-01,
         5.82934903e-01,   7.14666759e-01,              nan,
         7.31012542e-01,   8.62250875e-01,   8.86567003e-01,
         8.79356293e-01,   8.86165465e-01,   8.86034136e-01,
         5.83860127e-01,   5.75602030e-01,   5.61453677e-01,
                    nan,   8.59849826e-01,   8.90388932e-01,
         8.76447655e-01,   8.89879662e-01,   9.70787053e-01,
         8.77009620e-01,   8.80525235e-01,   8.79924356e-01,
         8.86027519e-01,              nan,   5.75508340e-01,
         5.57485872e-01,   5.76369261e-01,   8.77273750e-01,
         9.08271905e-01,   9.21897066e-01,   9.21285673e-01,
         9.24239262e-01,   8.68625357e-01,              nan,
         8.79909027e-01,   4.85275755e-01,   9.23645951e-01,
         8.89929734e-01,   9.03743343e-01,   9.04202615e-01,
         9.03032596e-01,   6.02289231e-01,   5.31594411e-01,
                    nan,   5.32456548e-01,   8.98931363e-01,
         9.08270301e-01,   9.22044777e-01,   9.21585612e-01,
         9.24086707e-01,   8.68263482e-01,   5.00000000e-01,
         8.82129514e-01,              nan,   9.23940277e-01,
         5.77360519e-01,   5.67113081e-01,   5.72657236e-01,
         8.40245718e-01,   8.52011573e-01,   8.90681041e-01,
         8.70949429e-01,   8.90878176e-01,              nan,
         0.00000000e+00,   1.08280000e+03,   1.08320000e+03,
         1.12980000e+03,   1.99000000e+03,   1.96880000e+03,
         1.97880000e+03,   1.96880000e+03,   1.13000000e+03,
         2.23700000e+03,   0.00000000e+00,   1.29100000e+03,
         9.39600000e+02,   1.99120000e+03,   1.98660000e+03,
         1.99200000e+03,   1.98660000e+03,   9.40000000e+02,
         2.23660000e+03,   2.02880000e+03,   0.00000000e+00,
         9.39200000e+02,   1.99120000e+03,   1.98660000e+03,
         1.99200000e+03,   1.98660000e+03,   9.40000000e+02,
         2.19000000e+03,   2.38020000e+03,   2.38060000e+03,
         0.00000000e+00,   1.99540000e+03,   1.98520000e+03,
         1.99200000e+03,   1.98520000e+03,   1.64560000e+03,
         1.32980000e+03,   1.32860000e+03,   1.32860000e+03,
         1.32440000e+03,   0.00000000e+00,   2.90560000e+03,
         2.84420000e+03,   2.90540000e+03,   1.32440000e+03,
         1.35100000e+03,   1.33320000e+03,   1.33320000e+03,
         1.33460000e+03,   4.14200000e+02,   0.00000000e+00,
         1.84800000e+02,   3.31940000e+03,   1.33460000e+03,
         1.34100000e+03,   1.32780000e+03,   1.32780000e+03,
         1.32780000e+03,   4.75600000e+02,   3.13500000e+03,
         0.00000000e+00,   3.13480000e+03,   1.32780000e+03,
         1.35100000e+03,   1.33320000e+03,   1.33320000e+03,
         1.33460000e+03,   4.14400000e+02,   4.00000000e-01,
         1.85000000e+02,   0.00000000e+00,   1.33460000e+03,
         2.18980000e+03,   2.37980000e+03,   2.37980000e+03,
         1.67420000e+03,   1.99540000e+03,   1.98520000e+03,
         1.99200000e+03,   1.98520000e+03,   0.00000000e+00,
         7.93434846e-01]), array([  3.33492961e-02,   0.00000000e+00,   0.00000000e+00,
         1.29738088e-02,   1.17267245e-02,   9.10993164e-03,
         6.77308486e-03,   5.21118562e-03,   5.83926654e-02,
         5.04179672e-03,   1.39043496e-03,   8.87640471e-03,
         1.29738088e-02,   1.17267245e-02,   9.10993164e-03,
         6.77308486e-03,   5.21118562e-03,   5.83926654e-02,
         5.04179672e-03,   1.39043496e-03,   8.87640471e-03,
         4.00000000e-01,   4.00000000e-01,   4.00000000e-01,
         4.00000000e-01,   4.00000000e-01,   4.00000000e-01,
         4.00000000e-01,   4.00000000e-01,   4.00000000e-01,
         0.00000000e+00,   6.33865218e-03,   5.24966123e-03,
                    nan,   2.29891527e-02,   1.09023791e-02,
         1.37198231e-02,   6.08396528e-03,   5.01349893e-03,
         6.13728210e-03,   4.84506852e-03,   5.92658617e-03,
         6.03138582e-03,              nan,   2.11193517e-03,
         4.61449166e-03,   6.24822365e-03,   5.85878872e-03,
         8.31771755e-03,   5.50600749e-03,   4.83776370e-03,
         1.70856298e-02,   1.00536961e-02,              nan,
         2.05795411e-02,   4.98073935e-03,   5.08328016e-03,
         8.35568653e-03,   4.96036892e-03,   4.48524784e-03,
         1.43511626e-02,   1.31663366e-02,   9.39119273e-03,
                    nan,   6.73326469e-03,   4.71238005e-03,
         9.46125207e-03,   4.56449750e-03,   3.72700244e-03,
         1.64295310e-02,   1.15103858e-02,   1.12870439e-02,
         9.03501327e-03,              nan,   5.12363678e-03,
         7.84480521e-03,   6.27884335e-03,   7.61998546e-03,
         8.69659635e-03,   7.66993479e-03,   8.21475066e-03,
         7.18954938e-03,   1.74203257e-02,              nan,
         2.81514915e-02,   1.36806946e-02,   7.14638968e-03,
         9.88233618e-03,   8.86228078e-03,   9.35463884e-03,
         6.98659578e-03,   2.20785007e-02,   4.64841254e-03,
                    nan,   4.62394463e-03,   6.18288082e-03,
         8.38828878e-03,   7.62931025e-03,   8.12744016e-03,
         7.28725492e-03,   1.38290104e-02,   1.66666667e-01,
         2.83107512e-02,              nan,   6.94065613e-03,
         1.54022501e-02,   1.09031882e-02,   1.10038143e-02,
         8.39630347e-03,   7.07698871e-03,   5.53262994e-03,
         7.73889185e-03,   5.85837105e-03,              nan,
         0.00000000e+00,   2.61640975e+01,   2.60261407e+01,
         2.58874487e+01,   1.94010309e+01,   1.76113600e+01,
         1.46615142e+01,   1.76113600e+01,   2.56593063e+01,
         2.58843582e+01,   0.00000000e+00,   1.10272390e+01,
         1.70011764e+01,   1.89145447e+01,   1.77380946e+01,
         1.82756669e+01,   1.77380946e+01,   1.69115345e+01,
         2.57417948e+01,   1.12142766e+01,   0.00000000e+00,
         1.71043854e+01,   1.89145447e+01,   1.77380946e+01,
         1.82756669e+01,   1.77380946e+01,   1.69115345e+01,
         2.56982490e+01,   1.67618615e+01,   1.68712774e+01,
         0.00000000e+00,   2.00658915e+01,   1.89673404e+01,
         1.81548891e+01,   1.89673404e+01,   2.15925913e+01,
         1.92187409e+01,   1.87467330e+01,   1.87467330e+01,
         1.99158229e+01,   0.00000000e+00,   1.02097992e+01,
         1.77696370e+01,   1.03266645e+01,   1.99158229e+01,
         1.79108905e+01,   1.80044439e+01,   1.80044439e+01,
         1.92312246e+01,   1.03614671e+01,   0.00000000e+00,
         8.40000000e+00,   4.89897949e-01,   1.92312246e+01,
         1.48323970e+01,   1.84542678e+01,   1.84542678e+01,
         1.83455717e+01,   1.77380946e+01,   8.31865374e+00,
         0.00000000e+00,   8.56504524e+00,   1.83455717e+01,
         1.79108905e+01,   1.80044439e+01,   1.80044439e+01,
         1.92312246e+01,   1.04804580e+01,   4.89897949e-01,
         8.64869932e+00,   0.00000000e+00,   1.92312246e+01,
         2.54668412e+01,   1.66661333e+01,   1.66661333e+01,
         2.18668699e+01,   2.00658915e+01,   1.89673404e+01,
         1.81548891e+01,   1.89673404e+01,   0.00000000e+00,
         5.94459445e-03])]}
dataset: synthetic pendigits
{'perf': [array([  8.99743907e-02,   0.00000000e+00,   0.00000000e+00,
         4.44233813e-01,   4.53966792e-01,   9.44141166e-01,
         9.81168171e-01,   9.51874601e-01,   6.75954949e-02,
         9.06659450e-01,   5.32476918e-01,   1.34553592e-01,
         3.24782586e-01,   4.44233813e-01,   4.53966792e-01,
         9.44141166e-01,   9.81168171e-01,   9.51874601e-01,
         6.75954949e-02,   9.06659450e-01,   5.32476918e-01,
         1.34553592e-01,   3.24782586e-01,   2.19840000e+03,
         2.19840000e+03,   2.19840000e+03,   2.19840000e+03,
         2.19840000e+03,   2.19840000e+03,   2.19840000e+03,
         2.19840000e+03,   2.19840000e+03,   2.19840000e+03,
         0.00000000e+00,   4.36672847e-01,   5.39027380e-01,
                    nan,   8.73376338e-01,   5.94313123e-01,
         5.79217562e-01,   5.61809427e-01,   9.96521254e-01,
         5.61490368e-01,   9.26103372e-01,   9.97161466e-01,
         9.95316921e-01,   9.46691305e-01,              nan,
         6.67713597e-01,   6.03570930e-01,   6.38308814e-01,
         9.97835775e-01,   8.33023022e-01,   8.34914123e-01,
         9.90941264e-01,   8.15903407e-01,   9.97788540e-01,
         9.87983319e-01,              nan,   8.41221463e-01,
         8.51239717e-01,   9.96584908e-01,   8.83062789e-01,
         9.97530087e-01,   9.96708959e-01,   9.97693951e-01,
         9.97994964e-01,   9.72480262e-01,   9.33295307e-01,
                    nan,   8.68945363e-01,   9.96783000e-01,
         9.94779818e-01,   9.95739729e-01,   9.97281314e-01,
         9.95764597e-01,   9.97698773e-01,   9.97318831e-01,
         7.81417546e-01,   8.03636831e-01,              nan,
         9.95990521e-01,   9.31711558e-01,   9.91726860e-01,
         9.96423125e-01,   9.93509769e-01,   6.84152888e-01,
         7.60392657e-01,   6.17381010e-01,   6.40063767e-01,
         6.24712130e-01,              nan,   5.86872119e-01,
         6.58239496e-01,   8.47084397e-01,   8.76068973e-01,
         9.97472491e-01,   9.48228091e-01,   7.70355315e-01,
         8.36004703e-01,   8.23539245e-01,   9.95192650e-01,
                    nan,   9.94783220e-01,   9.95334992e-01,
         9.98261274e-01,   9.62395401e-01,   8.74190915e-01,
         6.45831561e-01,   7.07552743e-01,   6.81292647e-01,
         9.98054200e-01,   7.05967697e-01,              nan,
         9.98008369e-01,   9.76451161e-01,   6.82367570e-01,
         8.27854983e-01,   5.66858578e-01,   6.20004771e-01,
         6.41932111e-01,   9.56858536e-01,   5.65025528e-01,
         7.55766473e-01,              nan,   9.05360696e-01,
         8.68205598e-01,   7.53048032e-01,   7.52662103e-01,
         5.55184469e-01,   5.44878058e-01,   9.97815265e-01,
         6.41132539e-01,   8.76955101e-01,   9.98884140e-01,
                    nan,   0.00000000e+00,   1.03760000e+03,
         1.74800000e+03,   1.70160000e+03,   1.76500000e+03,
         2.85600000e+02,   1.80460000e+03,   1.19600000e+03,
         3.50400000e+02,   8.08400000e+02,   1.16080000e+03,
         0.00000000e+00,   1.70260000e+03,   1.81940000e+03,
         1.82720000e+03,   8.29200000e+02,   1.32200000e+03,
         1.26400000e+03,   1.03860000e+03,   7.89800000e+02,
         4.50400000e+02,   4.95800000e+02,   0.00000000e+00,
         1.00000000e+03,   1.01220000e+03,   2.91200000e+02,
         9.37200000e+02,   4.85000000e+02,   3.02200000e+02,
         4.31800000e+02,   4.96800000e+02,   3.79000000e+02,
         1.19840000e+03,   0.00000000e+00,   9.95800000e+02,
         3.09600000e+02,   8.02600000e+02,   6.08200000e+02,
         3.66200000e+02,   2.35000000e+02,   4.33400000e+02,
         3.71200000e+02,   1.18620000e+03,   1.20260000e+03,
         0.00000000e+00,   2.47800000e+02,   7.58400000e+02,
         4.78200000e+02,   2.77800000e+02,   2.75600000e+02,
         1.91280000e+03,   1.36920000e+03,   1.90720000e+03,
         1.88880000e+03,   1.95060000e+03,   0.00000000e+00,
         1.99160000e+03,   1.68640000e+03,   1.57280000e+03,
         1.37840000e+03,   3.93800000e+02,   8.76400000e+02,
         1.26120000e+03,   1.39580000e+03,   1.44000000e+03,
         2.06800000e+02,   0.00000000e+00,   5.71400000e+02,
         2.13000000e+02,   5.73600000e+02,   1.00240000e+03,
         9.34400000e+02,   1.71340000e+03,   1.59020000e+03,
         1.72020000e+03,   5.12000000e+02,   1.62700000e+03,
         0.00000000e+00,   7.02800000e+02,   7.77200000e+02,
         1.84800000e+03,   1.15980000e+03,   1.89620000e+03,
         1.83220000e+03,   1.92060000e+03,   6.25600000e+02,
         1.98540000e+03,   1.49560000e+03,   0.00000000e+00,
         1.30380000e+03,   1.39000000e+03,   1.40860000e+03,
         1.76660000e+03,   1.96340000e+03,   1.92280000e+03,
         8.20000000e+02,   1.62480000e+03,   1.42120000e+03,
         8.94600000e+02,   0.00000000e+00,   8.27805101e-01]), array([  2.82013058e-03,   0.00000000e+00,   0.00000000e+00,
         7.82084456e-03,   6.99771816e-03,   2.25483105e-03,
         3.55423366e-03,   5.82445156e-03,   6.34924693e-03,
         4.16222473e-03,   7.86365299e-03,   6.87503086e-03,
         1.28580466e-02,   7.82084456e-03,   6.99771816e-03,
         2.25483105e-03,   3.55423366e-03,   5.82445156e-03,
         6.34924693e-03,   4.16222473e-03,   7.86365299e-03,
         6.87503086e-03,   1.28580466e-02,   4.89897949e-01,
         4.89897949e-01,   4.89897949e-01,   4.89897949e-01,
         4.89897949e-01,   4.89897949e-01,   4.89897949e-01,
         4.89897949e-01,   4.89897949e-01,   4.89897949e-01,
         0.00000000e+00,   6.21803168e-03,   4.99672488e-03,
                    nan,   1.02514263e-02,   1.01403525e-02,
         1.19773358e-02,   1.07776258e-02,   7.72463594e-05,
         1.35784986e-02,   1.23265097e-02,   4.92138924e-05,
         1.21646923e-03,   3.84800948e-03,              nan,
         1.02984546e-02,   1.47560733e-02,   8.77813142e-03,
         1.17561031e-03,   7.73605782e-03,   7.93997426e-03,
         3.08279769e-03,   7.14608039e-03,   4.77353665e-05,
         4.11256898e-03,              nan,   7.37932877e-03,
         1.27750991e-02,   1.24155991e-04,   6.77249264e-03,
         8.44823312e-04,   1.11012875e-04,   4.34726554e-05,
         2.12755889e-05,   9.66874629e-03,   8.22853756e-03,
                    nan,   8.71501418e-03,   1.58716724e-04,
         9.30805960e-04,   1.66086292e-03,   8.68141181e-05,
         2.62114224e-04,   1.01703951e-04,   6.72425308e-05,
         2.44151651e-02,   1.71507416e-02,              nan,
         1.61672583e-04,   8.99185326e-03,   3.35770803e-03,
         1.03370683e-04,   1.45936019e-03,   5.81048694e-03,
         1.33991556e-02,   1.15797880e-02,   7.08800619e-03,
         7.36225823e-03,              nan,   5.29903305e-03,
         1.14694287e-02,   4.67563397e-03,   1.08954647e-02,
         5.01846017e-05,   5.93303506e-03,   1.30774101e-02,
         5.91853100e-03,   9.11990802e-03,   2.92281220e-04,
                    nan,   1.90487246e-03,   2.51849049e-04,
         4.93741947e-05,   2.35002313e-03,   8.08867914e-03,
         7.18326466e-03,   3.84095678e-03,   1.26588248e-02,
         2.29969486e-05,   9.11011413e-03,              nan,
         7.11841883e-04,   3.60167827e-03,   5.08930352e-03,
         9.63232860e-03,   4.43306656e-03,   6.86044350e-03,
         5.70331591e-03,   1.11920316e-02,   8.87382099e-03,
         1.37601521e-02,              nan,   3.74988549e-03,
         1.52310324e-02,   1.43029744e-02,   7.10787635e-03,
         1.53163647e-02,   7.55766154e-03,   8.96288456e-04,
         8.37350112e-03,   7.66092318e-03,   2.48372214e-05,
                    nan,   0.00000000e+00,   1.36029409e+01,
         9.73652916e+00,   5.08330601e+00,   1.96061215e+01,
         6.31189354e+00,   7.52595509e+00,   1.40000000e+01,
         6.08604962e+00,   1.98655481e+01,   1.32574507e+01,
         0.00000000e+00,   1.30935098e+01,   1.34551106e+01,
         9.43186090e+00,   8.47112743e+00,   2.08710326e+01,
         4.33589668e+00,   1.20432554e+01,   7.46726188e+00,
         9.72830921e+00,   1.30445391e+01,   0.00000000e+00,
         2.32551070e+01,   1.83455717e+01,   1.05147515e+01,
         1.03614671e+01,   9.20869155e+00,   1.02254584e+01,
         8.37615664e+00,   5.26877595e+00,   1.32514150e+01,
         2.32086191e+01,   0.00000000e+00,   1.82142801e+01,
         1.52394226e+01,   1.29398609e+01,   1.00279609e+01,
         1.17541482e+01,   1.44775689e+01,   1.92416216e+01,
         9.10823803e+00,   1.79933321e+01,   1.81614977e+01,
         0.00000000e+00,   9.70360758e+00,   1.14995652e+01,
         1.46615142e+01,   7.83326241e+00,   1.04038454e+01,
         6.43117408e+00,   8.58836422e+00,   1.07962957e+01,
         1.53935051e+01,   1.00518655e+01,   0.00000000e+00,
         1.27530389e+01,   6.01996678e+00,   1.27499020e+01,
         1.17915224e+01,   7.73045924e+00,   2.11716792e+01,
         1.02645019e+01,   1.31057239e+01,   1.17813412e+01,
         1.29367693e+01,   0.00000000e+00,   1.22898332e+01,
         1.18321596e+01,   1.64268074e+01,   1.40655608e+01,
         4.27083130e+00,   9.52050419e+00,   9.94786409e+00,
         1.49184450e+01,   6.13188389e+00,   1.22311079e+01,
         0.00000000e+00,   6.43117408e+00,   1.52761252e+01,
         6.48074070e+00,   1.22212929e+01,   1.05147515e+01,
         1.20233107e+01,   8.21218607e+00,   1.29861465e+01,
         1.16378692e+01,   6.77052435e+00,   0.00000000e+00,
         1.96203975e+01,   1.99499373e+01,   7.55248304e+00,
         8.06473806e+00,   1.45134420e+01,   1.07962957e+01,
         1.15238882e+01,   1.64243721e+01,   1.51710250e+01,
         1.93142434e+01,   0.00000000e+00,   1.99833275e-03])]}
dataset: synthetic fried
{'perf': [array([  9.78929602e-01,   0.00000000e+00,   0.00000000e+00,
         9.94407394e-01,   9.92714901e-01,   9.93548838e-01,
         9.94750796e-01,   9.94014903e-01,   9.94407394e-01,
         9.92714901e-01,   9.93548838e-01,   9.94750796e-01,
         9.94014903e-01,   8.15360000e+03,   8.15360000e+03,
         8.15360000e+03,   8.15360000e+03,   8.15360000e+03,
         0.00000000e+00,   9.93886899e-01,   9.93853026e-01,
                    nan,   9.96907785e-01,   9.97499424e-01,
         9.95705572e-01,   9.97742146e-01,   9.97357367e-01,
                    nan,   9.96136788e-01,   9.95369308e-01,
         9.95530303e-01,   9.96873094e-01,   9.95033791e-01,
                    nan,   9.97533392e-01,   9.96538218e-01,
         9.96399473e-01,   9.95471069e-01,   9.98237310e-01,
                    nan,   9.98335828e-01,   9.97103803e-01,
         9.94848086e-01,   9.97089542e-01,   9.97940483e-01,
                    nan,   0.00000000e+00,   4.05880000e+03,
         4.07220000e+03,   4.10040000e+03,   4.07800000e+03,
         4.09480000e+03,   0.00000000e+00,   4.08440000e+03,
         4.09580000e+03,   4.07960000e+03,   4.08140000e+03,
         4.06920000e+03,   0.00000000e+00,   4.07000000e+03,
         4.09420000e+03,   4.05320000e+03,   4.05780000e+03,
         4.08360000e+03,   0.00000000e+00,   4.08320000e+03,
         4.07560000e+03,   4.07400000e+03,   4.05940000e+03,
         4.07040000e+03,   0.00000000e+00,   9.96681742e-01]), array([  2.50267435e-03,   0.00000000e+00,   0.00000000e+00,
         1.14938064e-03,   9.97957290e-04,   8.44901597e-04,
         9.22273232e-04,   7.65625731e-04,   1.14938064e-03,
         9.97957290e-04,   8.44901597e-04,   9.22273232e-04,
         7.65625731e-04,   4.89897949e-01,   4.89897949e-01,
         4.89897949e-01,   4.89897949e-01,   4.89897949e-01,
         0.00000000e+00,   6.84450184e-04,   6.69107594e-04,
                    nan,   9.11858104e-04,   2.55650634e-04,
         1.30973088e-03,   2.66343844e-04,   5.02820221e-04,
                    nan,   1.00448600e-03,   1.02868881e-03,
         1.17655834e-03,   9.63861810e-04,   1.34576175e-03,
                    nan,   1.02092658e-03,   7.73741713e-04,
         1.06257349e-03,   9.30885735e-04,   5.03434036e-04,
                    nan,   1.78751751e-04,   3.43577981e-04,
         7.28461790e-04,   1.28431937e-03,   7.21279968e-04,
                    nan,   0.00000000e+00,   6.45210043e+01,
         5.11914055e+01,   2.64317990e+01,   4.94206435e+01,
         6.41573067e+01,   0.00000000e+00,   3.17590932e+01,
         6.22684511e+01,   5.67365843e+01,   5.13521178e+01,
         3.18395980e+01,   0.00000000e+00,   6.56780024e+01,
         6.72826872e+01,   2.64680940e+01,   6.24416528e+01,
         6.55090833e+01,   0.00000000e+00,   3.58407589e+01,
         4.94716080e+01,   5.70298168e+01,   6.72951707e+01,
         3.62414128e+01,   0.00000000e+00,   3.33765595e-04])]}
