number of samples: 6117
NONERECALL: 0.001000
CV: 5
Abstention True
Inverse_laplace 64
{'perf': [array([  1.81622256e-01,   0.00000000e+00,   0.00000000e+00,
         1.00000000e+00,   6.88088596e-01,   6.34781743e-01,
         9.24145196e-01,   5.72340730e-01,   7.41535868e-01,
         1.00000000e+00,   5.92419236e-01,   3.72904477e-01,
         9.00313249e-01,   3.00085315e-01,   5.24329632e-01,
         1.22340000e+03,   9.35800000e+02,   7.12200000e+02,
         9.31800000e+02,   7.47600000e+02,   6.63400000e+02,
         0.00000000e+00,   5.60354052e-01,   5.40764121e-01]), array([  1.21196460e-02,   0.00000000e+00,   0.00000000e+00,
         0.00000000e+00,   2.57592158e-02,   1.71376622e-02,
         1.30278035e-02,   1.66974610e-02,   3.11890691e-02,
         0.00000000e+00,   3.05301604e-02,   1.60237440e-02,
         1.74587051e-02,   2.87210968e-02,   4.84194883e-02,
         4.89897949e-01,   1.22865780e+01,   1.89251156e+01,
         1.02645019e+01,   4.84148737e+00,   1.34253492e+01,
         0.00000000e+00,   5.03382721e-03,   7.82203809e-03])]}
number of samples: 6117
NONERECALL: 0.001000
CV: 5
Abstention True
Inverse_laplace 64
{'perf': [array([  1.81622256e-01,   0.00000000e+00,   0.00000000e+00,
         1.00000000e+00,   6.88088596e-01,   6.34781743e-01,
         9.24145196e-01,   5.72340730e-01,   7.41535868e-01,
         1.00000000e+00,   5.92419236e-01,   3.72904477e-01,
         9.00313249e-01,   3.00085315e-01,   5.24329632e-01,
         1.22340000e+03,   9.35800000e+02,   7.12200000e+02,
         9.31800000e+02,   7.47600000e+02,   6.63400000e+02,
         0.00000000e+00,   5.60354052e-01,   5.40764121e-01,
                    nan,   9.99183940e-01,   9.99166226e-01,
         9.99183673e-01,   9.99180864e-01,   9.99155057e-01,
                    nan,              nan,   7.48415668e-01,
         3.82594542e-01,   8.16119777e-01,   6.39055086e-01,
         3.80147059e-02,   3.89575107e-01,              nan,
         4.44408771e-02,   6.25210972e-01,   4.02928607e-01,
         3.33333333e-01,   7.53151792e-01,   9.71992894e-01,
                    nan,   9.98461836e-01,   8.31303349e-01,
         1.57460317e-01,   2.46942426e-01,   4.32422949e-01,
         2.65765389e-03,              nan,   3.71352505e-01,
         2.44384022e-02,   5.31107527e-01,   6.87295849e-01,
         2.49202510e-01,   7.22915253e-01,              nan,
         0.00000000e+00,   1.22340000e+03,   1.19740000e+03,
         1.22300000e+03,   1.21880000e+03,   1.18160000e+03,
         0.00000000e+00,   0.00000000e+00,   6.31000000e+02,
         5.80400000e+02,   6.41400000e+02,   6.53000000e+02,
         2.60000000e+01,   4.40600000e+02,   0.00000000e+00,
         3.84600000e+02,   4.49000000e+02,   4.15600000e+02,
         4.00000000e-01,   5.24600000e+02,   6.18600000e+02,
         0.00000000e+00,   6.48200000e+02,   6.29800000e+02,
         4.60000000e+00,   4.00600000e+02,   4.83000000e+02,
         3.74400000e+02,   0.00000000e+00,   4.88600000e+02,
         4.18000000e+01,   4.02800000e+02,   4.08000000e+02,
         3.64200000e+02,   3.95800000e+02,   0.00000000e+00,
         3.58168182e-01]), array([  1.21196460e-02,   0.00000000e+00,   0.00000000e+00,
         0.00000000e+00,   2.57592158e-02,   1.71376622e-02,
         1.30278035e-02,   1.66974610e-02,   3.11890691e-02,
         0.00000000e+00,   3.05301604e-02,   1.60237440e-02,
         1.74587051e-02,   2.87210968e-02,   4.84194883e-02,
         4.89897949e-01,   1.22865780e+01,   1.89251156e+01,
         1.02645019e+01,   4.84148737e+00,   1.34253492e+01,
         0.00000000e+00,   5.03382721e-03,   7.82203809e-03,
                    nan,   3.26196324e-07,   4.47761567e-06,
         5.96036882e-07,   7.82765722e-07,   7.29390762e-06,
                    nan,              nan,   2.78387300e-02,
         2.50801473e-02,   3.06282914e-02,   4.62837223e-02,
         1.07566513e-02,   4.95008624e-02,              nan,
         7.22271631e-03,   7.75573746e-02,   3.08715534e-02,
         0.00000000e+00,   2.98462314e-02,   5.37494708e-03,
                    nan,   1.64281975e-05,   4.71091178e-02,
         2.94640118e-02,   3.96939084e-02,   5.72183658e-02,
         4.88922744e-05,              nan,   5.36615200e-02,
         7.25498676e-03,   4.43904921e-02,   4.92172791e-02,
         3.90045662e-02,   6.18854319e-02,              nan,
         0.00000000e+00,   4.89897949e-01,   6.46838465e+00,
         8.94427191e-01,   1.16619038e+00,   1.02878569e+01,
         0.00000000e+00,   0.00000000e+00,   2.07557221e+01,
         1.76929364e+01,   1.50678466e+01,   2.21449769e+01,
         6.09918027e+00,   2.08288262e+01,   0.00000000e+00,
         1.20266371e+01,   1.55048380e+01,   1.23709337e+01,
         4.89897949e-01,   1.42070405e+01,   7.76144316e+00,
         0.00000000e+00,   6.93974063e+00,   1.31969693e+01,
         1.35646600e+00,   1.29089117e+01,   1.19498954e+01,
         6.97423831e+00,   0.00000000e+00,   2.15276566e+01,
         9.88736568e+00,   2.33015021e+01,   1.01587401e+01,
         1.94976922e+01,   2.08365064e+01,   0.00000000e+00,
         9.17375936e-03])]}
