dataset: synthetic iris
number of samples: 150
NONERECALL: 0.001000
CV: 5
{'perf': [array([  0.97333333,   0.        ,   0.        ,   1.        ,
         0.98666667,   0.98666667,   1.        ,   0.98666667,
         0.98666667,  30.        ,  30.        ,  30.        ,
         0.        ,   0.99100929,   0.98222222,          nan,
         0.94050025,   0.93823529,   0.93578283,          nan,
         0.93416916,   0.93255348,   0.88827839,          nan,
         0.        ,  15.6       ,  14.6       ,  14.4       ,
         0.        ,  20.        ,  15.4       ,  10.        ,
         0.        ,   0.92743954]), array([ 0.03887301,  0.        ,  0.        ,  0.        ,  0.02666667,
        0.01632993,  0.        ,  0.02666667,  0.01632993,  0.        ,
        0.        ,  0.        ,  0.        ,  0.0131066 ,  0.02591534,
               nan,  0.01338998,  0.01085833,  0.01515564,         nan,
        0.04221862,  0.01181738,  0.06924191,         nan,  0.        ,
        3.61109402,  2.33238076,  3.61109402,  0.        ,  2.0976177 ,
        2.33238076,  2.0976177 ,  0.        ,  0.01373987])]}
dataset: synthetic wine
number of samples: 178
NONERECALL: 0.001000
CV: 5
{'perf': [array([  0.88238095,   0.        ,   0.        ,   0.94428571,
         0.9547619 ,   0.97206349,   0.94428571,   0.9547619 ,
         0.97206349,  35.6       ,  35.6       ,  35.6       ,
         0.        ,   0.95640129,   0.91037037,          nan,
         0.90967363,   0.92417192,   0.85700526,          nan,
         0.95531695,   0.8517316 ,   0.89794872,          nan,
         0.        ,  20.4       ,  24.8       ,  15.2       ,
         0.        ,  25.8       ,  10.8       ,   9.8       ,
         0.        ,   0.8975896 ]), array([ 0.04732555,  0.        ,  0.        ,  0.0496026 ,  0.02911303,
        0.03043069,  0.0496026 ,  0.02911303,  0.03043069,  0.48989795,
        0.48989795,  0.48989795,  0.        ,  0.01904631,  0.04425331,
               nan,  0.05052305,  0.03725261,  0.06491716,         nan,
        0.019495  ,  0.04943939,  0.02019546,         nan,  0.        ,
        1.49666295,  3.12409987,  1.72046505,  0.        ,  2.85657137,
        3.05941171,  2.71293199,  0.        ,  0.01552954])]}
dataset: synthetic bodyfat
number of samples: 252
NONERECALL: 0.001000
CV: 5
{'perf': [array([  3.17647059e-02,   0.00000000e+00,   0.00000000e+00,
         6.18666667e-01,   5.79686275e-01,   5.87607843e-01,
         6.19058824e-01,   5.79294118e-01,   6.11058824e-01,
         6.46823529e-01,   6.18666667e-01,   5.79686275e-01,
         5.87607843e-01,   6.19058824e-01,   5.79294118e-01,
         6.11058824e-01,   6.46823529e-01,   5.04000000e+01,
         5.04000000e+01,   5.04000000e+01,   5.04000000e+01,
         5.04000000e+01,   5.04000000e+01,   5.04000000e+01,
         0.00000000e+00,   6.02564441e-01,   2.81882353e-01,
                    nan,   6.61735833e-01,   4.90251455e-01,
         6.49552300e-01,   6.83031162e-01,   5.84004141e-01,
         6.88689950e-01,   5.69836698e-01,              nan,
         5.96242263e-01,   6.91286345e-01,   6.12722463e-01,
         5.40060882e-01,   6.86507937e-01,   5.88907722e-01,
         6.59955791e-01,              nan,   6.65376059e-01,
         6.64318695e-01,   6.50557688e-01,   6.41743890e-01,
         5.98049460e-01,   6.14860719e-01,   6.13332070e-01,
                    nan,   5.93550265e-01,   5.78249084e-01,
         6.78290231e-01,   5.74081199e-01,   4.98035298e-01,
         5.80380952e-01,   6.22417582e-01,              nan,
         4.94701111e-01,   6.96880462e-01,   7.19109216e-01,
         7.03464352e-01,   6.49437715e-01,   5.95399773e-01,
         6.36266079e-01,              nan,   6.98902821e-01,
         7.88398467e-01,   6.82008491e-01,   6.63934066e-01,
         5.74589491e-01,   6.55546267e-01,   5.64196840e-01,
                    nan,   0.00000000e+00,   2.60000000e+01,
         2.38000000e+01,   2.58000000e+01,   2.64000000e+01,
         2.22000000e+01,   2.48000000e+01,   2.44000000e+01,
         0.00000000e+00,   2.46000000e+01,   2.60000000e+01,
         2.64000000e+01,   2.38000000e+01,   2.48000000e+01,
         2.66000000e+01,   2.58000000e+01,   0.00000000e+00,
         2.68000000e+01,   2.54000000e+01,   2.44000000e+01,
         2.40000000e+01,   2.46000000e+01,   2.44000000e+01,
         2.36000000e+01,   0.00000000e+00,   2.44000000e+01,
         2.50000000e+01,   2.50000000e+01,   2.40000000e+01,
         2.40000000e+01,   2.50000000e+01,   2.60000000e+01,
         0.00000000e+00,   2.44000000e+01,   2.64000000e+01,
         2.82000000e+01,   2.66000000e+01,   2.60000000e+01,
         2.54000000e+01,   2.60000000e+01,   0.00000000e+00,
         2.74000000e+01,   2.56000000e+01,   2.56000000e+01,
         2.64000000e+01,   2.54000000e+01,   2.40000000e+01,
         2.30000000e+01,   0.00000000e+00,   6.18191053e-01]), array([  2.03831051e-02,   0.00000000e+00,   0.00000000e+00,
         5.04293599e-02,   6.05733975e-02,   3.68757591e-02,
         8.11624881e-02,   7.30117306e-02,   3.26847160e-02,
         6.10504484e-02,   5.04293599e-02,   6.05733975e-02,
         3.68757591e-02,   8.11624881e-02,   7.30117306e-02,
         3.26847160e-02,   6.10504484e-02,   4.89897949e-01,
         4.89897949e-01,   4.89897949e-01,   4.89897949e-01,
         4.89897949e-01,   4.89897949e-01,   4.89897949e-01,
         0.00000000e+00,   2.85892720e-03,   4.10588544e-02,
                    nan,   1.02736086e-01,   8.01423065e-02,
         7.50808313e-02,   1.27300494e-01,   8.11532380e-02,
         9.33545816e-02,   6.41803175e-02,              nan,
         7.72981395e-02,   7.48057772e-02,   1.23545318e-01,
         1.68362014e-01,   1.04363948e-01,   8.08878954e-02,
         8.89590496e-02,              nan,   4.59949655e-02,
         1.27820742e-01,   1.08299543e-01,   6.04910585e-02,
         8.27757592e-02,   8.02020428e-02,   8.11599624e-02,
                    nan,   1.21183722e-01,   1.31627180e-01,
         1.27785803e-01,   4.44645034e-02,   4.60369076e-02,
         1.16927561e-01,   2.21814759e-02,              nan,
         1.07245000e-01,   6.01086255e-02,   6.19437000e-02,
         9.09874487e-02,   1.01526662e-01,   5.44598423e-02,
         3.10203652e-02,              nan,   9.04449002e-02,
         3.41081641e-02,   4.76315940e-02,   7.08849099e-02,
         1.23654261e-01,   7.62479142e-02,   9.97015261e-02,
                    nan,   0.00000000e+00,   4.14728827e+00,
         1.46969385e+00,   2.22710575e+00,   1.74355958e+00,
         2.31516738e+00,   1.72046505e+00,   4.54312668e+00,
         0.00000000e+00,   1.74355958e+00,   5.09901951e+00,
         4.45421149e+00,   2.78567766e+00,   5.30659966e+00,
         1.35646600e+00,   1.60000000e+00,   0.00000000e+00,
         2.71293199e+00,   1.01980390e+00,   2.05912603e+00,
         3.74165739e+00,   2.41660919e+00,   4.75815090e+00,
         2.87054002e+00,   0.00000000e+00,   1.62480768e+00,
         1.78885438e+00,   2.09761770e+00,   2.00000000e+00,
         4.33589668e+00,   1.09544512e+00,   1.78885438e+00,
         0.00000000e+00,   2.72763634e+00,   5.00399840e+00,
         2.63818119e+00,   2.57681975e+00,   1.89736660e+00,
         2.15406592e+00,   2.60768096e+00,   0.00000000e+00,
         1.85472370e+00,   1.74355958e+00,   5.08330601e+00,
         3.49857114e+00,   1.74355958e+00,   4.89897949e+00,
         1.67332005e+00,   0.00000000e+00,   2.43489131e-02])]}
dataset: synthetic stock
number of samples: 950
NONERECALL: 0.001000
CV: 5
{'perf': [array([   0.54      ,    0.        ,    0.        ,    0.87473684,
          0.84631579,    0.88842105,    0.86526316,    0.85894737,
          0.87473684,    0.84631579,    0.88842105,    0.86526316,
          0.85894737,  190.        ,  190.        ,  190.        ,
        190.        ,  190.        ,    0.        ,    0.86620003,
          0.85010526,           nan,    0.85789909,    0.96605147,
          0.91426172,    0.93255515,    0.95599356,           nan,
          0.95189675,    0.80285519,    0.93030034,    0.96652077,
          0.85489905,           nan,    0.96104021,    0.8788157 ,
          0.84264002,    0.93035405,    0.97568564,           nan,
          0.88439324,    0.96061511,    0.81086387,    0.94613083,
          0.92015674,           nan,    0.        ,   84.2       ,
         85.        ,  118.2       ,   95.2       ,  105.8       ,
          0.        ,  116.8       ,   90.        ,  110.4       ,
        105.        ,   73.2       ,    0.        ,   69.8       ,
         89.        ,   71.8       ,  100.        ,  120.2       ,
          0.        ,   85.6       ,   94.8       ,   79.6       ,
        101.        ,  104.4       ,    0.        ,    0.9101427 ]), array([  3.23759084e-02,   0.00000000e+00,   0.00000000e+00,
         2.26743781e-02,   3.44967781e-02,   2.26743781e-02,
         3.74535724e-02,   1.53986725e-02,   2.26743781e-02,
         3.44967781e-02,   2.26743781e-02,   3.74535724e-02,
         1.53986725e-02,   0.00000000e+00,   0.00000000e+00,
         0.00000000e+00,   0.00000000e+00,   0.00000000e+00,
         0.00000000e+00,   7.69375833e-03,   9.99944597e-03,
                    nan,   4.17493565e-02,   1.84549033e-02,
         1.86106227e-02,   1.58137171e-02,   2.16013309e-02,
                    nan,   1.36730898e-02,   5.42897689e-02,
         2.90757975e-02,   1.70479603e-02,   3.90604639e-02,
                    nan,   1.32224714e-02,   2.52586590e-02,
         4.95168670e-02,   3.81191623e-02,   1.09974523e-02,
                    nan,   3.24364772e-02,   8.08869663e-03,
         1.10822427e-02,   2.26578888e-02,   2.80287957e-02,
                    nan,   0.00000000e+00,   4.16653333e+00,
         5.65685425e+00,   9.86711711e+00,   5.84465568e+00,
         4.16653333e+00,   0.00000000e+00,   6.85273668e+00,
         5.01996016e+00,   3.61109402e+00,   5.65685425e+00,
         6.85273668e+00,   0.00000000e+00,   5.49181209e+00,
         5.09901951e+00,   9.86711711e+00,   5.01996016e+00,
         5.49181209e+00,   0.00000000e+00,   5.08330601e+00,
         5.84465568e+00,   3.61109402e+00,   5.09901951e+00,
         5.08330601e+00,   0.00000000e+00,   5.08978890e-03])]}
dataset: synthetic housing
number of samples: 506
NONERECALL: 0.001000
CV: 5
{'perf': [array([   0.30430984,    0.        ,    0.        ,    0.74302077,
          0.74113764,    0.76876335,    0.72941176,    0.71531741,
          0.81817123,    0.74302077,    0.74113764,    0.76876335,
          0.72941176,    0.71531741,    0.81817123,  101.2       ,
        101.2       ,  101.2       ,  101.2       ,  101.2       ,
        101.2       ,    0.        ,    0.75023329,    0.68489484,
                 nan,    0.91111497,    0.85031829,    0.85413754,
          0.64982213,    0.77164321,    0.82736787,           nan,
          0.94080386,    0.95373528,    0.81272913,    0.6143401 ,
          0.82841451,    0.83712075,           nan,    0.82293477,
          0.74226343,    0.89245295,    0.83264196,    0.83926887,
          0.6022358 ,           nan,    0.73886093,    0.88974615,
          0.66477849,    0.89430066,    0.86683549,    0.90161616,
                 nan,    0.72215565,    0.82989344,    0.87106446,
          0.9624314 ,    0.96342993,    0.85321248,           nan,
          0.        ,   58.6       ,   45.4       ,   46.6       ,
         48.        ,   50.8       ,   42.6       ,    0.        ,
         55.2       ,   58.4       ,   50.4       ,   40.8       ,
         55.8       ,   46.        ,    0.        ,   64.4       ,
         53.8       ,   29.2       ,   54.6       ,   42.8       ,
         36.8       ,    0.        ,   53.8       ,   32.        ,
         53.2       ,   50.8       ,   47.4       ,   47.4       ,
          0.        ,   47.6       ,   50.4       ,   60.4       ,
         72.        ,   69.2       ,   53.6       ,    0.        ,
          0.81700307]), array([ 0.04188018,  0.        ,  0.        ,  0.03525465,  0.08376402,
        0.01622136,  0.04875251,  0.04036475,  0.06647187,  0.03525465,
        0.08376402,  0.01622136,  0.04875251,  0.04036475,  0.06647187,
        0.4       ,  0.4       ,  0.4       ,  0.4       ,  0.4       ,
        0.4       ,  0.        ,  0.01739424,  0.01545632,         nan,
        0.03596229,  0.06173435,  0.06670326,  0.06259815,  0.03819686,
        0.07588555,         nan,  0.02540784,  0.01221468,  0.04105911,
        0.09026849,  0.04606669,  0.01813108,         nan,  0.05946801,
        0.04181439,  0.06521161,  0.03382786,  0.02326153,  0.08800594,
               nan,  0.02065565,  0.02867365,  0.05607207,  0.02822323,
        0.02464806,  0.02078333,         nan,  0.0172627 ,  0.04592764,
        0.07704899,  0.02098395,  0.01407705,  0.01397486,         nan,
        0.        ,  4.45421149,  2.87054002,  5.16139516,  4.14728827,
        5.11468474,  4.58693798,  0.        ,  1.72046505,  2.8       ,
        3.92937654,  6.04648658,  3.18747549,  1.78885438,  0.        ,
        5.88557559,  2.78567766,  2.71293199,  5.46260011,  2.92574777,
        6.04648658,  0.        ,  4.48998886,  3.46410162,  4.26145515,
        3.7094474 ,  2.41660919,  4.2708313 ,  0.        ,  3.32264955,
        5.27636238,  5.88557559,  2.44948974,  3.31058907,  3.38230691,
        0.        ,  0.00724845])]}
dataset: synthetic glass
number of samples: 214
NONERECALL: 0.001000
CV: 5
{'perf': [array([  0.63089701,   0.        ,   0.        ,   0.91605759,
         0.87375415,   0.86024363,   0.89246955,   0.92070875,
         0.95326689,   0.91605759,   0.87375415,   0.86024363,
         0.89246955,   0.92070875,   0.95326689,  42.8       ,
        42.8       ,  42.8       ,  42.8       ,  42.8       ,
        42.8       ,   0.        ,   0.90131132,   0.88354374,
                nan,   0.94069713,   0.92671914,   0.9679354 ,
         0.96554305,   0.94009144,   0.52961039,          nan,
         0.80942513,   0.95089033,   0.95114119,   0.9584705 ,
         0.31988636,   0.94474194,          nan,   0.95001258,
         0.96056399,   0.94009144,   0.60269231,   0.63809524,
         0.67435897,          nan,   0.94599639,   0.96327151,
         0.76785714,   0.66785714,   0.68095238,   0.72071429,
                nan,   0.91399801,   0.6931746 ,   0.82333333,
         0.74984127,   0.80563492,   0.78560606,          nan,
         0.        ,  35.6       ,  37.8       ,  35.        ,
        39.2       ,  35.4       ,   7.2       ,   0.        ,
        16.6       ,  38.8       ,  39.4       ,  36.6       ,
         5.        ,  26.2       ,   0.        ,  34.2       ,
        39.        ,  35.4       ,   7.8       ,   4.        ,
         8.6       ,   0.        ,  38.6       ,  36.4       ,
         3.6       ,   3.4       ,   3.8       ,   4.2       ,
         0.        ,  35.2       ,   7.4       ,   6.2       ,
         7.4       ,   6.4       ,   7.6       ,   0.        ,   0.79521229]), array([ 0.02616793,  0.        ,  0.        ,  0.07575075,  0.0282685 ,
        0.05660377,  0.02395818,  0.04296788,  0.01471494,  0.07575075,
        0.0282685 ,  0.05660377,  0.02395818,  0.04296788,  0.01471494,
        0.4       ,  0.4       ,  0.4       ,  0.4       ,  0.4       ,
        0.4       ,  0.        ,  0.02271478,  0.02315345,         nan,
        0.0413984 ,  0.03559255,  0.00850136,  0.01324414,  0.04288121,
        0.11530946,         nan,  0.09934837,  0.02248747,  0.01618202,
        0.02142793,  0.10053286,  0.02327028,         nan,  0.02146515,
        0.01299848,  0.04288121,  0.08587868,  0.18952142,  0.10986813,
               nan,  0.00803992,  0.01357937,  0.07963743,  0.13300875,
        0.18783888,  0.1547282 ,         nan,  0.04741643,  0.072053  ,
        0.06028738,  0.11751436,  0.0681387 ,  0.08791506,         nan,
        0.        ,  2.05912603,  3.31058907,  2.82842712,  2.03960781,
        1.62480768,  1.83303028,  0.        ,  2.8       ,  1.72046505,
        2.05912603,  1.74355958,  3.46410162,  3.05941171,  0.        ,
        2.92574777,  1.67332005,  1.62480768,  2.56124969,  1.54919334,
        2.72763634,  0.        ,  1.74355958,  1.0198039 ,  1.8547237 ,
        1.8547237 ,  1.46969385,  1.46969385,  0.        ,  1.16619038,
        1.62480768,  1.72046505,  1.62480768,  1.0198039 ,  1.2       ,
        0.        ,  0.03438559])]}
dataset: synthetic vehicle
number of samples: 846
NONERECALL: 0.001000
CV: 5
{'perf': [array([   0.7422694 ,    0.        ,    0.        ,    0.91959624,
          0.89711103,    0.90066829,    0.97048381,    0.91959624,
          0.89711103,    0.90066829,    0.97048381,  169.2       ,
        169.2       ,  169.2       ,  169.2       ,    0.        ,
          0.92130786,    0.86048962,           nan,    0.93468723,
          0.92491927,    0.94951528,    0.81336648,           nan,
          0.91400052,    0.95250423,    0.80593944,    0.81898879,
                 nan,    0.92985002,    0.96374383,    0.96532885,
          0.9578284 ,           nan,    0.        ,  116.6       ,
        110.4       ,   75.8       ,   52.6       ,    0.        ,
        111.2       ,   77.6       ,   58.8       ,   58.        ,
          0.        ,   76.4       ,   93.4       ,   91.6       ,
         92.8       ,    0.        ,    0.90838875]), array([ 0.04444656,  0.        ,  0.        ,  0.01623207,  0.02947593,
        0.03080948,  0.01574777,  0.01623207,  0.02947593,  0.03080948,
        0.01574777,  0.4       ,  0.4       ,  0.4       ,  0.4       ,
        0.        ,  0.0152224 ,  0.02555938,         nan,  0.02048518,
        0.01037056,  0.02698805,  0.05559851,         nan,  0.02417185,
        0.01684086,  0.04736959,  0.05984099,         nan,  0.01530322,
        0.02417851,  0.01943178,  0.01329134,         nan,  0.        ,
        4.45421149,  7.31026675,  5.49181209,  4.49888875,  0.        ,
        7.4404301 ,  5.46260011,  6.99714227,  7.12741187,  0.        ,
        7.73563184,  5.42586399,  5.35163526,  7.6       ,  0.        ,
        0.01589092])]}
dataset: synthetic cpu
number of samples: 8192
NONERECALL: 0.001000
CV: 5
{'perf': [array([  1.70166448e-01,   0.00000000e+00,   0.00000000e+00,
         7.53906645e-01,   6.73827813e-01,   6.60401195e-01,
         8.11402915e-01,   7.42553271e-01,   7.53906645e-01,
         6.73827813e-01,   6.60401195e-01,   8.11402915e-01,
         7.42553271e-01,   1.63840000e+03,   1.63840000e+03,
         1.63840000e+03,   1.63840000e+03,   1.63840000e+03,
         0.00000000e+00,   7.26197077e-01,   4.61841023e-01,
                    nan,   8.48045779e-01,   7.98924713e-01,
         5.75888825e-01,   7.90019342e-01,   4.83204934e-01,
                    nan,   5.38160491e-01,   5.63221928e-01,
         7.34876929e-01,   6.01735242e-01,   7.99331563e-01,
                    nan,   3.33888654e-01,   7.98416459e-01,
         9.42429810e-01,   8.46461875e-01,   9.02558217e-01,
                    nan,   8.30097887e-01,   5.99788482e-01,
         7.55892277e-01,   6.13321872e-01,   5.05028499e-01,
                    nan,   0.00000000e+00,   9.43600000e+02,
         9.47200000e+02,   5.25400000e+02,   1.02400000e+03,
         6.94800000e+02,   0.00000000e+00,   6.48400000e+02,
         6.57600000e+02,   8.42600000e+02,   6.91200000e+02,
         9.90000000e+02,   0.00000000e+00,   5.29800000e+02,
         1.00600000e+03,   1.11300000e+03,   9.80800000e+02,
         1.10860000e+03,   0.00000000e+00,   1.15080000e+03,
         6.14400000e+02,   7.95800000e+02,   6.32400000e+02,
         4.87600000e+02,   0.00000000e+00,   6.72125297e-01]), array([  8.00835671e-03,   0.00000000e+00,   0.00000000e+00,
         1.18339334e-02,   1.77815524e-02,   1.23194456e-02,
         1.18672027e-02,   1.10220019e-02,   1.18339334e-02,
         1.77815524e-02,   1.23194456e-02,   1.18672027e-02,
         1.10220019e-02,   4.89897949e-01,   4.89897949e-01,
         4.89897949e-01,   4.89897949e-01,   4.89897949e-01,
         0.00000000e+00,   1.93948877e-03,   5.36974760e-03,
                    nan,   1.65460236e-02,   1.04408489e-02,
         2.26661207e-02,   7.05459083e-03,   2.83977577e-02,
                    nan,   1.60719541e-02,   2.34173006e-02,
         1.34916133e-02,   1.33587375e-02,   7.94264421e-03,
                    nan,   2.47571472e-02,   5.40888251e-03,
         1.16421137e-02,   1.62598662e-02,   9.42700928e-03,
                    nan,   7.35895827e-03,   1.82693224e-02,
         1.49459256e-02,   7.97057354e-03,   1.59457606e-02,
                    nan,   0.00000000e+00,   3.00772339e+01,
         2.03017241e+01,   4.92341345e+00,   1.87723200e+01,
         2.99626434e+01,   0.00000000e+00,   2.62876397e+01,
         1.22245654e+01,   3.21284920e+01,   2.05075596e+01,
         2.64272587e+01,   0.00000000e+00,   2.09131538e+01,
         2.16979262e+01,   5.29150262e+00,   1.22049170e+01,
         2.07615028e+01,   0.00000000e+00,   1.99739831e+01,
         1.86826122e+01,   3.20711709e+01,   2.14997674e+01,
         1.96529896e+01,   0.00000000e+00,   5.11479334e-03])]}
dataset: synthetic authorship
number of samples: 841
NONERECALL: 0.001000
CV: 5
{'perf': [array([   0.77766272,    0.        ,    0.        ,    0.93578473,
          0.92513384,    0.97263314,    0.93579177,    0.93578473,
          0.92513384,    0.97263314,    0.93579177,  168.2       ,
        168.2       ,  168.2       ,  168.2       ,    0.        ,
          0.94198843,    0.91161595,           nan,    0.90727893,
          0.9861051 ,    0.95847608,    0.9053159 ,           nan,
          0.98468211,    0.93500067,    0.8452381 ,    0.8678355 ,
                 nan,    0.77185531,    0.94031084,    0.90082201,
          0.95727692,           nan,    0.        ,   88.8       ,
        155.6       ,  123.2       ,   79.4       ,    0.        ,
        156.6       ,  114.4       ,   12.6       ,   11.6       ,
          0.        ,   15.8       ,   45.        ,   53.8       ,
        152.4       ,    0.        ,    0.90962011]), array([  1.91984444e-02,   0.00000000e+00,   0.00000000e+00,
         1.47967799e-02,   2.81430005e-02,   1.22745111e-02,
         1.74105573e-02,   1.47967799e-02,   2.81430005e-02,
         1.22745111e-02,   1.74105573e-02,   4.00000000e-01,
         4.00000000e-01,   4.00000000e-01,   4.00000000e-01,
         0.00000000e+00,   6.34242293e-03,   8.89531458e-03,
                    nan,   2.27348671e-02,   4.61526221e-03,
         1.17027871e-02,   5.14310575e-02,              nan,
         9.88638959e-03,   8.60997556e-03,   5.73409266e-02,
         4.32778338e-02,              nan,   1.35690448e-01,
         2.83253809e-02,   5.31901212e-02,   1.11541555e-02,
                    nan,   0.00000000e+00,   4.70744092e+00,
         2.93938769e+00,   3.76297754e+00,   4.75815090e+00,
         0.00000000e+00,   3.00665928e+00,   6.80000000e+00,
         3.32264955e+00,   3.38230691e+00,   0.00000000e+00,
         4.26145515e+00,   4.00000000e+00,   7.02566723e+00,
         4.12795349e+00,   0.00000000e+00,   1.30688207e-02])]}
dataset: synthetic calhousing
number of samples: 20640
NONERECALL: 0.001000
CV: 5
{'perf': [array([  2.10998062e-01,   0.00000000e+00,   0.00000000e+00,
         5.57412791e-01,   7.27374031e-01,   7.41666667e-01,
         8.05135659e-01,   5.57412791e-01,   7.27374031e-01,
         7.41666667e-01,   8.05135659e-01,   4.12800000e+03,
         4.12800000e+03,   4.12800000e+03,   4.12800000e+03,
         0.00000000e+00,   7.01384514e-01,   2.42942506e-01,
                    nan,   4.37061379e-01,   2.56452613e-01,
         6.20784967e-01,   7.41401732e-01,              nan,
         7.39460796e-01,   6.10725701e-01,   8.79106221e-01,
         4.55954783e-01,              nan,   6.20130072e-01,
         6.46184733e-01,   6.33973763e-01,   6.45188662e-01,
                    nan,   0.00000000e+00,   1.90580000e+03,
         1.60060000e+03,   2.12220000e+03,   2.22220000e+03,
         0.00000000e+00,   2.13700000e+03,   2.11000000e+03,
         2.52740000e+03,   1.99100000e+03,   0.00000000e+00,
         2.11780000e+03,   2.00580000e+03,   2.01800000e+03,
         2.01020000e+03,   0.00000000e+00,   5.82554593e-01]), array([  4.15933644e-03,   0.00000000e+00,   0.00000000e+00,
         8.99781178e-03,   1.07046236e-02,   1.40784270e-02,
         9.76064309e-03,   8.99781178e-03,   1.07046236e-02,
         1.40784270e-02,   9.76064309e-03,   0.00000000e+00,
         0.00000000e+00,   0.00000000e+00,   0.00000000e+00,
         0.00000000e+00,   3.85909588e-03,   5.08287519e-03,
                    nan,   6.05304808e-03,   7.85745912e-03,
         1.14308786e-02,   1.31237389e-02,              nan,
         1.02072761e-02,   1.14786425e-02,   2.28997635e-03,
         9.41269048e-03,              nan,   1.29072286e-02,
         1.16756698e-02,   1.23264004e-02,   1.23355474e-02,
                    nan,   0.00000000e+00,   3.55606524e+01,
         1.25634390e+01,   3.79757818e+01,   3.55606524e+01,
         0.00000000e+00,   2.71514272e+01,   4.00749298e+01,
         1.25634390e+01,   2.71514272e+01,   0.00000000e+00,
         4.24282924e+01,   3.79757818e+01,   4.00749298e+01,
         4.24282924e+01,   0.00000000e+00,   3.68125095e-03])]}
dataset: synthetic vowel
number of samples: 528
NONERECALL: 0.001000
CV: 5
{'perf': [array([   0.39789757,    0.        ,    0.        ,    0.73130279,
          0.77678347,    0.72930818,    0.73496855,    0.74228212,
          0.71214735,    0.76138365,    0.70814016,    0.70274933,
          0.77649596,    0.72168913,    0.73130279,    0.77678347,
          0.72930818,    0.73496855,    0.74228212,    0.71214735,
          0.76138365,    0.70814016,    0.70274933,    0.77649596,
          0.72168913,  105.6       ,  105.6       ,  105.6       ,
        105.6       ,  105.6       ,  105.6       ,  105.6       ,
        105.6       ,  105.6       ,  105.6       ,  105.6       ,
          0.        ,    0.73424462,    0.74997697,           nan,
          0.84444147,    0.93890806,    0.88712681,    0.83827239,
          0.89986123,    0.9388632 ,    0.93098787,    0.90561912,
          0.97245265,    0.78436911,    0.75636395,           nan,
          0.92893366,    0.91065684,    0.92077727,    0.91520182,
          0.91434807,    0.93468266,    0.90609524,    0.95706965,
          0.87881005,    0.76164021,    0.65468254,           nan,
          0.8457138 ,    0.84655305,    0.90731319,    0.86309385,
          0.92794529,    0.89596207,    0.94542977,    0.84770101,
          0.79625235,    0.73940357,    0.86200758,           nan,
          0.87968264,    0.87778144,    0.90482047,    0.93757315,
          0.86832392,    0.94449288,    0.78911102,    0.77020622,
          0.7590388 ,    0.87689655,    0.81633536,           nan,
          0.7854686 ,    0.8988417 ,    0.9060211 ,    0.90727301,
          0.94623779,    0.81149165,    0.81359338,    0.82548428,
          0.846288  ,    0.76672826,    0.71916314,           nan,
          0.90046329,    0.92448341,    0.90484857,    0.95358641,
          0.8386029 ,    0.82794768,    0.87477639,    0.88317383,
          0.8510617 ,    0.77269231,    0.86716695,           nan,
          0.92698954,    0.90894051,    0.96362452,    0.86457928,
          0.73089599,    0.78256585,    0.75575718,    0.82233498,
          0.78280765,    0.81234343,    0.87787542,           nan,
          0.794164  ,    0.93110903,    0.71707113,    0.79707667,
          0.84627586,    0.84700503,    0.8552186 ,    0.83101259,
          0.84108915,    0.7976398 ,    0.78498745,           nan,
          0.96626685,    0.74630987,    0.81242648,    0.86909213,
          0.85948598,    0.84748503,    0.8813901 ,    0.88980024,
          0.87351839,    0.84157115,    0.86253197,           nan,
          0.73608589,    0.81638325,    0.78161905,    0.77062644,
          0.65378676,    0.70839423,    0.62982514,    0.78303128,
          0.85228449,    0.85363345,    0.91090172,           nan,
          0.        ,   60.2       ,   83.6       ,   70.4       ,
         68.        ,   54.        ,   56.4       ,   76.        ,
         53.2       ,   69.8       ,   52.6       ,   45.4       ,
          0.        ,   90.8       ,   78.4       ,   70.4       ,
         58.2       ,   61.        ,   76.8       ,   57.8       ,
         72.4       ,   56.4       ,   22.        ,   14.8       ,
          0.        ,   72.6       ,   68.4       ,   55.6       ,
         53.        ,   72.        ,   53.8       ,   68.2       ,
         56.2       ,   35.2       ,   27.2       ,   33.        ,
          0.        ,   78.2       ,   68.        ,   62.8       ,
         73.8       ,   56.6       ,   65.6       ,   58.        ,
         37.6       ,   35.2       ,   37.2       ,   27.4       ,
          0.        ,   70.6       ,   69.6       ,   74.4       ,
         60.2       ,   68.4       ,   59.4       ,   51.6       ,
         47.4       ,   50.        ,   37.6       ,   35.        ,
          0.        ,   73.6       ,   76.8       ,   63.4       ,
         71.        ,   70.4       ,   49.2       ,   44.6       ,
         52.6       ,   42.8       ,   36.        ,   32.        ,
          0.        ,   82.4       ,   67.        ,   75.6       ,
         58.        ,   29.6       ,   28.8       ,   33.6       ,
         31.8       ,   31.2       ,   28.8       ,   23.2       ,
          0.        ,   55.6       ,   72.8       ,   46.6       ,
         52.4       ,   47.8       ,   51.8       ,   49.        ,
         45.4       ,   42.2       ,   38.6       ,   50.        ,
          0.        ,   87.        ,   59.6       ,   35.8       ,
         33.2       ,   37.4       ,   40.        ,   37.2       ,
         34.6       ,   30.        ,   32.8       ,   18.6       ,
          0.        ,   52.        ,   53.        ,   49.2       ,
         49.4       ,   47.6       ,   46.2       ,   35.2       ,
         47.6       ,   59.        ,   46.        ,   53.6       ,
          0.        ,    0.84353949]), array([  4.09683643e-02,   0.00000000e+00,   0.00000000e+00,
         8.13553437e-02,   5.97600756e-02,   6.36483822e-02,
         3.85695104e-02,   3.86070904e-02,   2.68569916e-02,
         3.54699139e-02,   5.99554904e-02,   4.00751251e-02,
         1.56623747e-02,   4.27802271e-02,   8.13553437e-02,
         5.97600756e-02,   6.36483822e-02,   3.85695104e-02,
         3.86070904e-02,   2.68569916e-02,   3.54699139e-02,
         5.99554904e-02,   4.00751251e-02,   1.56623747e-02,
         4.27802271e-02,   4.89897949e-01,   4.89897949e-01,
         4.89897949e-01,   4.89897949e-01,   4.89897949e-01,
         4.89897949e-01,   4.89897949e-01,   4.89897949e-01,
         4.89897949e-01,   4.89897949e-01,   4.89897949e-01,
         0.00000000e+00,   1.79435882e-02,   1.55285273e-02,
                    nan,   7.23577067e-02,   1.81802581e-02,
         6.37690084e-02,   8.97226947e-02,   7.25344971e-02,
         2.86818348e-02,   1.62268410e-02,   2.72533697e-02,
         7.64313900e-03,   8.83190325e-02,   6.91401950e-02,
                    nan,   2.80156779e-02,   1.30108042e-02,
         1.92054478e-02,   3.92077654e-02,   1.76246759e-02,
         3.16416109e-02,   3.06608395e-02,   1.85854975e-02,
         3.19042365e-02,   7.46219347e-02,   9.53138422e-02,
                    nan,   2.72755796e-02,   2.80665860e-02,
         4.55382190e-02,   3.15902593e-02,   2.23431336e-02,
         2.66724788e-02,   3.17585553e-02,   4.11334696e-02,
         8.91191126e-02,   5.57476287e-02,   4.77428426e-02,
                    nan,   2.44651661e-02,   3.15083882e-02,
         1.84608933e-02,   3.41876132e-02,   5.18732615e-02,
         3.34946687e-02,   7.10719679e-02,   3.95532431e-02,
         7.07714408e-02,   4.32812562e-02,   7.57026258e-02,
                    nan,   6.28276974e-02,   2.59153616e-02,
         2.13538496e-02,   3.00281767e-02,   2.10249250e-02,
         3.73145884e-02,   2.99013375e-02,   5.49129028e-02,
         2.51131010e-02,   6.05870454e-02,   4.73582098e-02,
                    nan,   4.04000034e-02,   2.58953354e-02,
         3.08048582e-02,   2.58329408e-02,   3.03795995e-02,
         2.27508838e-02,   3.78767373e-02,   3.25999221e-02,
         6.26872951e-02,   4.74925357e-02,   4.86068926e-02,
                    nan,   2.57852313e-02,   2.74188847e-02,
         1.25238366e-02,   4.43325559e-02,   1.05613829e-01,
         5.24424443e-02,   1.16826431e-01,   8.51650032e-02,
         9.45385707e-02,   8.88725513e-02,   7.86935076e-02,
                    nan,   3.66729620e-02,   2.27670538e-02,
         7.41094669e-02,   2.72344953e-02,   4.15342107e-02,
         2.39001216e-02,   4.55309677e-02,   6.71893944e-02,
         3.05794910e-02,   5.46572787e-02,   6.94515352e-02,
                    nan,   9.18922894e-04,   5.06245947e-02,
         6.36442450e-02,   2.14559890e-02,   1.55295592e-02,
         6.04253897e-02,   3.30612111e-02,   2.53624571e-02,
         3.26702769e-02,   3.00533899e-02,   5.82438916e-02,
                    nan,   7.05442535e-02,   6.08248387e-02,
         6.95423002e-02,   6.04224716e-02,   4.76354374e-02,
         3.47946375e-02,   3.10862681e-02,   2.02410771e-02,
         4.72759781e-02,   5.64115154e-02,   5.20814775e-02,
                    nan,   0.00000000e+00,   1.93907194e+00,
         1.95959179e+00,   1.85472370e+00,   3.34664011e+00,
         3.34664011e+00,   2.72763634e+00,   3.40587727e+00,
         2.22710575e+00,   4.83321839e+00,   2.65329983e+00,
         2.05912603e+00,   0.00000000e+00,   2.48193473e+00,
         1.35646600e+00,   3.92937654e+00,   3.05941171e+00,
         4.51663592e+00,   3.31058907e+00,   3.31058907e+00,
         4.12795349e+00,   4.45421149e+00,   1.89736660e+00,
         2.03960781e+00,   0.00000000e+00,   4.22374242e+00,
         3.20000000e+00,   3.13687743e+00,   3.89871774e+00,
         5.21536192e+00,   2.48193473e+00,   5.87877538e+00,
         4.16653333e+00,   2.03960781e+00,   1.16619038e+00,
         4.19523539e+00,   0.00000000e+00,   3.18747549e+00,
         4.56070170e+00,   4.11825206e+00,   3.48711915e+00,
         2.33238076e+00,   5.27636238e+00,   2.44948974e+00,
         3.38230691e+00,   3.86781592e+00,   3.05941171e+00,
         3.20000000e+00,   0.00000000e+00,   2.24499443e+00,
         1.95959179e+00,   4.80000000e+00,   2.92574777e+00,
         5.23832034e+00,   3.77359245e+00,   3.26190129e+00,
         2.80000000e+00,   3.16227766e+00,   4.67332858e+00,
         2.44948974e+00,   0.00000000e+00,   3.38230691e+00,
         3.76297754e+00,   1.49666295e+00,   4.28952212e+00,
         5.08330601e+00,   2.48193473e+00,   4.40908154e+00,
         3.77359245e+00,   3.96988665e+00,   1.67332005e+00,
         3.03315018e+00,   0.00000000e+00,   4.12795349e+00,
         4.56070170e+00,   4.45421149e+00,   3.68781778e+00,
         3.07245830e+00,   3.05941171e+00,   4.92341345e+00,
         3.31058907e+00,   4.53431362e+00,   3.65513338e+00,
         4.16653333e+00,   0.00000000e+00,   6.34350061e+00,
         6.11228272e+00,   1.49666295e+00,   2.33238076e+00,
         3.31058907e+00,   2.48193473e+00,   2.09761770e+00,
         2.93938769e+00,   1.32664992e+00,   4.49888875e+00,
         6.29285309e+00,   0.00000000e+00,   2.44948974e+00,
         2.24499443e+00,   4.53431362e+00,   3.96988665e+00,
         5.67802783e+00,   4.93963561e+00,   4.95580468e+00,
         4.02988834e+00,   4.19523539e+00,   5.70613705e+00,
         2.24499443e+00,   0.00000000e+00,   3.57770876e+00,
         2.44948974e+00,   4.26145515e+00,   3.97994975e+00,
         2.33238076e+00,   4.01995025e+00,   5.15363949e+00,
         3.97994975e+00,   1.78885438e+00,   2.60768096e+00,
         3.87814389e+00,   0.00000000e+00,   7.14536420e-03])]}
dataset: synthetic fried
number of samples: 40768
NONERECALL: 0.001000
CV: 5
{'perf': [array([  9.64040443e-01,   0.00000000e+00,   0.00000000e+00,
         9.89820453e-01,   9.88716604e-01,   9.90016697e-01,
         9.89992214e-01,   9.90090296e-01,   9.89820453e-01,
         9.88716604e-01,   9.90016697e-01,   9.89992214e-01,
         9.90090296e-01,   8.15360000e+03,   8.15360000e+03,
         8.15360000e+03,   8.15360000e+03,   8.15360000e+03,
         0.00000000e+00,   9.89726675e-01,   9.89673289e-01,
                    nan,   9.94241462e-01,   9.95097238e-01,
         9.94493240e-01,   9.94806989e-01,   9.94957894e-01,
                    nan,   9.94234557e-01,   9.94398304e-01,
         9.92902302e-01,   9.94820084e-01,   9.93812705e-01,
                    nan,   9.95677324e-01,   9.94671611e-01,
         9.92207231e-01,   9.91688707e-01,   9.97314276e-01,
                    nan,   9.97605215e-01,   9.95496963e-01,
         9.93332212e-01,   9.94484763e-01,   9.95687112e-01,
                    nan,   0.00000000e+00,   4.05880000e+03,
         4.07220000e+03,   4.10040000e+03,   4.07800000e+03,
         4.09480000e+03,   0.00000000e+00,   4.08440000e+03,
         4.09580000e+03,   4.07960000e+03,   4.08140000e+03,
         4.06920000e+03,   0.00000000e+00,   4.07000000e+03,
         4.09420000e+03,   4.05320000e+03,   4.05780000e+03,
         4.08360000e+03,   0.00000000e+00,   4.08320000e+03,
         4.07560000e+03,   4.07400000e+03,   4.05940000e+03,
         4.07040000e+03,   0.00000000e+00,   9.94594803e-01]), array([  3.29558866e-03,   0.00000000e+00,   0.00000000e+00,
         6.34849309e-04,   1.62174997e-03,   1.82820122e-03,
         1.31957791e-03,   9.41416964e-04,   6.34849309e-04,
         1.62174997e-03,   1.82820122e-03,   1.31957791e-03,
         9.41416964e-04,   4.89897949e-01,   4.89897949e-01,
         4.89897949e-01,   4.89897949e-01,   4.89897949e-01,
         0.00000000e+00,   9.59302323e-04,   9.76414574e-04,
                    nan,   1.20808968e-03,   6.82944328e-04,
         1.53374299e-03,   9.55333220e-04,   1.60551074e-03,
                    nan,   1.37598018e-03,   1.45296956e-03,
         1.37101876e-03,   1.59064619e-03,   1.03394944e-03,
                    nan,   3.31947460e-04,   1.41742848e-03,
         1.02765095e-03,   1.99367328e-03,   6.01146897e-04,
                    nan,   8.18101922e-04,   1.23112115e-03,
         1.81650501e-03,   4.13459388e-04,   1.59199025e-03,
                    nan,   0.00000000e+00,   6.45210043e+01,
         5.11914055e+01,   2.64317990e+01,   4.94206435e+01,
         6.41573067e+01,   0.00000000e+00,   3.17590932e+01,
         6.22684511e+01,   5.67365843e+01,   5.13521178e+01,
         3.18395980e+01,   0.00000000e+00,   6.56780024e+01,
         6.72826872e+01,   2.64680940e+01,   6.24416528e+01,
         6.55090833e+01,   0.00000000e+00,   3.58407589e+01,
         4.94716080e+01,   5.70298168e+01,   6.72951707e+01,
         3.62414128e+01,   0.00000000e+00,   4.86596925e-04])]}
dataset: synthetic wisconsin
number of samples: 194
NONERECALL: 0.001000
CV: 5
{'perf': [array([  3.58974359e-02,   0.00000000e+00,   0.00000000e+00,
         5.62753036e-01,   5.09986505e-01,   5.40620783e-01,
         5.10931174e-01,   5.81916329e-01,   6.07962213e-01,
         6.54251012e-01,   6.08232119e-01,   6.23346829e-01,
         5.77597841e-01,   6.13360324e-01,   5.61133603e-01,
         5.56275304e-01,   6.08367072e-01,   5.77867746e-01,
         5.73144399e-01,   5.62753036e-01,   5.09986505e-01,
         5.40620783e-01,   5.10931174e-01,   5.81916329e-01,
         6.07962213e-01,   6.54251012e-01,   6.08232119e-01,
         6.23346829e-01,   5.77597841e-01,   6.13360324e-01,
         5.61133603e-01,   5.56275304e-01,   6.08367072e-01,
         5.77867746e-01,   5.73144399e-01,   3.88000000e+01,
         3.88000000e+01,   3.88000000e+01,   3.88000000e+01,
         3.88000000e+01,   3.88000000e+01,   3.88000000e+01,
         3.88000000e+01,   3.88000000e+01,   3.88000000e+01,
         3.88000000e+01,   3.88000000e+01,   3.88000000e+01,
         3.88000000e+01,   3.88000000e+01,   3.88000000e+01,
         0.00000000e+00,   5.71813912e-01,   5.09592892e-01,
                    nan,   6.63583878e-01,   6.25832298e-01,
         6.38696742e-01,   6.53014354e-01,   8.03219080e-01,
         7.46894737e-01,   7.26101350e-01,   7.96314072e-01,
         7.55624820e-01,   7.64224022e-01,   6.78976608e-01,
         7.32751556e-01,   6.51745305e-01,   6.95672515e-01,
         5.52691558e-01,   6.83776888e-01,              nan,
         6.56271113e-01,   6.99190283e-01,   6.33989344e-01,
         7.67040700e-01,   7.06013221e-01,   7.12942356e-01,
         7.80681050e-01,   7.51781147e-01,   7.29759070e-01,
         6.69051378e-01,   6.62008857e-01,   6.97894737e-01,
         7.24612288e-01,   5.66967925e-01,   6.15604954e-01,
         6.66427620e-01,              nan,   5.89391243e-01,
         6.03196521e-01,   7.25367965e-01,   7.49996995e-01,
         7.12129187e-01,   7.19839943e-01,   7.55450262e-01,
         7.30989899e-01,   7.31465201e-01,   7.04419192e-01,
         7.51082251e-01,   7.17777778e-01,   6.45953216e-01,
         6.25121929e-01,   6.53136364e-01,   5.98966165e-01,
                    nan,   5.98513496e-01,   7.37966874e-01,
         6.38509317e-01,   7.24689441e-01,   7.69619048e-01,
         6.69481190e-01,   7.05990117e-01,   6.96625259e-01,
         6.60839599e-01,   5.64434783e-01,   6.33333333e-01,
         4.79150183e-01,   6.48136646e-01,   7.24141257e-01,
         6.32091348e-01,   6.63015931e-01,              nan,
         8.00089797e-01,   7.43472140e-01,   7.74041474e-01,
         8.04058442e-01,   7.57370110e-01,   7.56792717e-01,
         6.73429952e-01,   7.06764507e-01,   5.55946524e-01,
         6.67712598e-01,   6.43721458e-01,   8.29435629e-01,
         7.86777000e-01,   7.84695696e-01,   8.10183523e-01,
         8.52464202e-01,              nan,   8.40974026e-01,
         6.84617796e-01,   6.53916084e-01,   8.35536975e-01,
         8.81434040e-01,   8.57295945e-01,   8.24667046e-01,
         8.47164760e-01,   8.31156392e-01,   6.38336751e-01,
         7.26595474e-01,   7.61623188e-01,   7.37735931e-01,
         7.27359307e-01,   7.58905371e-01,   8.42541135e-01,
                    nan,   8.58023088e-01,   8.53006033e-01,
         8.42325815e-01,   8.21189238e-01,   8.09745609e-01,
         7.96450216e-01,   7.59393939e-01,   7.99995295e-01,
         6.99325972e-01,   7.93140193e-01,   7.63575470e-01,
         7.25241546e-01,   7.27431117e-01,   8.34758575e-01,
         6.45199898e-01,   8.46129870e-01,              nan,
         6.71717172e-01,   8.40386473e-01,   8.71364951e-01,
         8.39945055e-01,   7.65691521e-01,   8.18563910e-01,
         8.31957697e-01,   6.75064752e-01,   8.03205365e-01,
         7.63644041e-01,   7.74966330e-01,   7.65114399e-01,
         8.36180856e-01,   6.23116615e-01,   7.86428571e-01,
         6.88597701e-01,              nan,   8.25925926e-01,
         8.76423966e-01,   8.42806866e-01,   7.86855072e-01,
         8.07106858e-01,   8.09052059e-01,   6.01844354e-01,
         7.11101010e-01,   7.28310637e-01,   7.30595318e-01,
         7.33190476e-01,   7.80172002e-01,   8.09306557e-01,
         7.74120083e-01,   8.37111331e-01,   8.46799517e-01,
                    nan,   7.22390572e-01,   7.89402597e-01,
         7.25398387e-01,   7.14556827e-01,   6.66433812e-01,
         6.49201986e-01,   7.93968297e-01,   7.83998260e-01,
         7.46514671e-01,   7.21852343e-01,   7.76010344e-01,
         8.50034507e-01,   7.91343131e-01,   7.87621483e-01,
         8.08544525e-01,   7.99313947e-01,              nan,
         6.86059086e-01,   6.95606407e-01,   6.13474747e-01,
         6.01248510e-01,   6.65736466e-01,   7.07322654e-01,
         8.01591814e-01,   7.76577540e-01,   7.31229137e-01,
         7.00000000e-01,   7.85551067e-01,   8.32106155e-01,
         7.83959047e-01,   8.38606952e-01,   7.21698185e-01,
         6.75407637e-01,              nan,   6.99269088e-01,
         6.80161943e-01,   6.74633987e-01,   6.26103989e-01,
         6.96617827e-01,   7.00000000e-01,   7.08109162e-01,
         7.49813929e-01,   7.09045269e-01,   7.15992754e-01,
         7.75305854e-01,   6.18424552e-01,   7.40264234e-01,
         6.98915601e-01,   5.88181818e-01,   6.46660085e-01,
                    nan,   6.66666667e-01,   7.13515152e-01,
         6.38851852e-01,   7.04173160e-01,   7.73170608e-01,
         7.38624339e-01,   7.24759569e-01,   6.92463092e-01,
         7.95478469e-01,   7.72826087e-01,   8.15426577e-01,
         8.16269841e-01,   7.21524645e-01,   6.42869565e-01,
         7.45833333e-01,   7.50015038e-01,              nan,
         6.55756349e-01,   6.21666980e-01,   8.20851259e-01,
         7.63799736e-01,   7.75827613e-01,   7.73174475e-01,
         7.63229947e-01,   8.79880952e-01,   8.04158123e-01,
         8.64089636e-01,   8.81330532e-01,   7.38093147e-01,
         6.34805195e-01,   7.69205500e-01,   7.98215466e-01,
         6.85718161e-01,              nan,   7.08859902e-01,
         6.35666667e-01,   7.66428571e-01,   7.29307758e-01,
         6.62777056e-01,   6.79277740e-01,   6.34937888e-01,
         7.18168643e-01,   6.88268398e-01,   6.60077694e-01,
         6.67095238e-01,   7.16838624e-01,   6.78767114e-01,
         7.05798118e-01,   6.34155844e-01,   6.85896560e-01,
                    nan,   0.00000000e+00,   2.04000000e+01,
         2.06000000e+01,   1.96000000e+01,   1.84000000e+01,
         1.82000000e+01,   1.96000000e+01,   1.84000000e+01,
         1.88000000e+01,   1.88000000e+01,   1.86000000e+01,
         1.90000000e+01,   1.90000000e+01,   1.84000000e+01,
         1.82000000e+01,   1.98000000e+01,   1.84000000e+01,
         0.00000000e+00,   1.94000000e+01,   1.90000000e+01,
         2.02000000e+01,   1.78000000e+01,   1.78000000e+01,
         1.80000000e+01,   1.76000000e+01,   1.82000000e+01,
         1.86000000e+01,   1.90000000e+01,   2.10000000e+01,
         1.90000000e+01,   1.80000000e+01,   1.96000000e+01,
         1.82000000e+01,   1.94000000e+01,   0.00000000e+00,
         2.00000000e+01,   1.84000000e+01,   1.88000000e+01,
         1.84000000e+01,   1.80000000e+01,   1.98000000e+01,
         1.72000000e+01,   1.82000000e+01,   1.92000000e+01,
         1.76000000e+01,   1.74000000e+01,   1.80000000e+01,
         1.94000000e+01,   1.92000000e+01,   1.98000000e+01,
         1.88000000e+01,   0.00000000e+00,   1.80000000e+01,
         1.90000000e+01,   1.94000000e+01,   1.88000000e+01,
         1.94000000e+01,   1.68000000e+01,   1.68000000e+01,
         1.88000000e+01,   1.76000000e+01,   1.84000000e+01,
         1.76000000e+01,   2.04000000e+01,   2.04000000e+01,
         1.86000000e+01,   2.04000000e+01,   2.08000000e+01,
         0.00000000e+00,   1.80000000e+01,   1.88000000e+01,
         1.90000000e+01,   1.84000000e+01,   1.86000000e+01,
         1.78000000e+01,   1.80000000e+01,   1.96000000e+01,
         1.82000000e+01,   1.76000000e+01,   1.98000000e+01,
         2.06000000e+01,   2.10000000e+01,   2.00000000e+01,
         1.98000000e+01,   2.08000000e+01,   0.00000000e+00,
         1.94000000e+01,   2.26000000e+01,   2.26000000e+01,
         2.12000000e+01,   2.24000000e+01,   2.18000000e+01,
         2.04000000e+01,   2.02000000e+01,   2.34000000e+01,
         1.88000000e+01,   1.92000000e+01,   2.10000000e+01,
         2.04000000e+01,   1.94000000e+01,   2.00000000e+01,
         1.94000000e+01,   0.00000000e+00,   1.86000000e+01,
         1.98000000e+01,   1.90000000e+01,   1.96000000e+01,
         1.90000000e+01,   1.86000000e+01,   1.88000000e+01,
         2.04000000e+01,   2.02000000e+01,   2.04000000e+01,
         2.08000000e+01,   2.08000000e+01,   2.00000000e+01,
         1.98000000e+01,   1.62000000e+01,   2.02000000e+01,
         0.00000000e+00,   1.76000000e+01,   2.10000000e+01,
         2.18000000e+01,   2.12000000e+01,   2.04000000e+01,
         2.00000000e+01,   2.32000000e+01,   1.88000000e+01,
         2.00000000e+01,   2.12000000e+01,   1.90000000e+01,
         1.94000000e+01,   2.04000000e+01,   1.62000000e+01,
         1.90000000e+01,   2.12000000e+01,   0.00000000e+00,
         2.00000000e+01,   2.18000000e+01,   2.18000000e+01,
         1.96000000e+01,   1.98000000e+01,   2.24000000e+01,
         1.84000000e+01,   2.00000000e+01,   2.06000000e+01,
         2.16000000e+01,   2.20000000e+01,   2.02000000e+01,
         1.76000000e+01,   1.98000000e+01,   1.78000000e+01,
         1.88000000e+01,   0.00000000e+00,   2.04000000e+01,
         2.04000000e+01,   1.92000000e+01,   2.04000000e+01,
         1.86000000e+01,   2.08000000e+01,   2.02000000e+01,
         2.02000000e+01,   2.06000000e+01,   2.20000000e+01,
         2.10000000e+01,   1.64000000e+01,   1.92000000e+01,
         1.70000000e+01,   1.70000000e+01,   1.84000000e+01,
         0.00000000e+00,   2.02000000e+01,   1.88000000e+01,
         1.90000000e+01,   1.90000000e+01,   1.92000000e+01,
         1.98000000e+01,   1.98000000e+01,   1.96000000e+01,
         2.00000000e+01,   2.08000000e+01,   1.70000000e+01,
         1.98000000e+01,   1.76000000e+01,   1.70000000e+01,
         1.84000000e+01,   1.86000000e+01,   0.00000000e+00,
         1.80000000e+01,   1.84000000e+01,   1.88000000e+01,
         2.02000000e+01,   1.98000000e+01,   1.78000000e+01,
         2.12000000e+01,   2.12000000e+01,   1.92000000e+01,
         1.84000000e+01,   2.02000000e+01,   1.84000000e+01,
         1.92000000e+01,   1.96000000e+01,   2.00000000e+01,
         2.08000000e+01,   0.00000000e+00,   2.02000000e+01,
         2.06000000e+01,   2.08000000e+01,   2.04000000e+01,
         1.98000000e+01,   2.14000000e+01,   2.04000000e+01,
         2.06000000e+01,   1.86000000e+01,   2.00000000e+01,
         1.88000000e+01,   1.90000000e+01,   1.84000000e+01,
         1.98000000e+01,   2.04000000e+01,   1.86000000e+01,
         0.00000000e+00,   1.94000000e+01,   2.04000000e+01,
         2.06000000e+01,   2.08000000e+01,   2.08000000e+01,
         2.12000000e+01,   2.12000000e+01,   1.54000000e+01,
         1.84000000e+01,   1.56000000e+01,   1.64000000e+01,
         2.02000000e+01,   1.98000000e+01,   2.00000000e+01,
         1.82000000e+01,   1.94000000e+01,   0.00000000e+00,
         2.06000000e+01,   1.90000000e+01,   1.92000000e+01,
         1.94000000e+01,   1.84000000e+01,   1.90000000e+01,
         2.00000000e+01,   1.86000000e+01,   2.00000000e+01,
         2.04000000e+01,   1.80000000e+01,   1.96000000e+01,
         1.86000000e+01,   1.80000000e+01,   1.84000000e+01,
         1.82000000e+01,   0.00000000e+00,   7.21102081e-01]), array([ 0.02614882,  0.        ,  0.        ,  0.12580899,  0.12160165,
        0.06873641,  0.10024584,  0.07163132,  0.06340195,  0.06640115,
        0.04097234,  0.06832983,  0.04520414,  0.07787839,  0.09597941,
        0.07249564,  0.04294298,  0.06332952,  0.12007278,  0.12580899,
        0.12160165,  0.06873641,  0.10024584,  0.07163132,  0.06340195,
        0.06640115,  0.04097234,  0.06832983,  0.04520414,  0.07787839,
        0.09597941,  0.07249564,  0.04294298,  0.06332952,  0.12007278,
        0.4       ,  0.4       ,  0.4       ,  0.4       ,  0.4       ,
        0.4       ,  0.4       ,  0.4       ,  0.4       ,  0.4       ,
        0.4       ,  0.4       ,  0.4       ,  0.4       ,  0.4       ,
        0.4       ,  0.        ,  0.01258237,  0.02584348,         nan,
        0.05030658,  0.14983569,  0.12572092,  0.06290394,  0.059753  ,
        0.12044497,  0.05860665,  0.02838206,  0.07293226,  0.06140968,
        0.09172326,  0.0958051 ,  0.07594416,  0.08308651,  0.09694214,
        0.14014679,         nan,  0.12841547,  0.07770365,  0.11807353,
        0.10491073,  0.11757904,  0.09917459,  0.05101586,  0.09246356,
        0.11412922,  0.10626758,  0.0925312 ,  0.07100085,  0.13595893,
        0.08574064,  0.1032037 ,  0.06040986,         nan,  0.0638319 ,
        0.10994995,  0.10993066,  0.0797782 ,  0.10026788,  0.08420202,
        0.05952711,  0.04377491,  0.06209892,  0.03903619,  0.08276798,
        0.03170076,  0.07616854,  0.07018298,  0.08620373,  0.14389771,
               nan,  0.07246758,  0.15162619,  0.08756173,  0.09479632,
        0.09162004,  0.06650069,  0.11506328,  0.05737987,  0.03182785,
        0.10490739,  0.07983393,  0.10466602,  0.0854576 ,  0.05974449,
        0.09568998,  0.05476553,         nan,  0.07177335,  0.08779394,
        0.04957482,  0.02134011,  0.12208939,  0.10356373,  0.07266317,
        0.06200956,  0.08504694,  0.14941171,  0.04158323,  0.05395093,
        0.04767245,  0.10559245,  0.06165245,  0.06029592,         nan,
        0.04741256,  0.08141821,  0.09239517,  0.0630443 ,  0.02904475,
        0.05080236,  0.05026611,  0.03393531,  0.06127035,  0.07686345,
        0.05747822,  0.06315186,  0.05074665,  0.07075262,  0.07973797,
        0.03986844,         nan,  0.07327306,  0.05106338,  0.06245988,
        0.06144549,  0.08008575,  0.01242175,  0.09268171,  0.10990738,
        0.09735388,  0.05099458,  0.05143314,  0.08870068,  0.07637081,
        0.07464513,  0.089229  ,  0.02429792,         nan,  0.08753561,
        0.05004943,  0.04338397,  0.02646367,  0.06824122,  0.01949672,
        0.056338  ,  0.05010079,  0.07131571,  0.09731525,  0.10991275,
        0.05483044,  0.06463803,  0.10744496,  0.09270317,  0.03637121,
               nan,  0.04432082,  0.04157578,  0.04158259,  0.03495127,
        0.02574171,  0.09217859,  0.06035177,  0.10169606,  0.05405188,
        0.03893842,  0.05847875,  0.07855421,  0.095743  ,  0.05995711,
        0.01795117,  0.08990116,         nan,  0.04094891,  0.08261866,
        0.07430407,  0.04414579,  0.10307966,  0.04553026,  0.11602517,
        0.10280759,  0.12231864,  0.04609083,  0.14377887,  0.08179325,
        0.1027358 ,  0.04532027,  0.08592836,  0.06805491,         nan,
        0.09522542,  0.0746403 ,  0.05772639,  0.13668809,  0.06648999,
        0.12100082,  0.07126515,  0.03119696,  0.05781262,  0.11815244,
        0.03147185,  0.0690806 ,  0.04691445,  0.03526004,  0.11546837,
        0.09716383,         nan,  0.04992878,  0.08348331,  0.08391881,
        0.08802626,  0.09100001,  0.07328281,  0.07737074,  0.06460225,
        0.07720238,  0.07561267,  0.06572135,  0.08016088,  0.06667475,
        0.11929027,  0.1123693 ,  0.05421327,         nan,  0.05270463,
        0.14656039,  0.07734007,  0.04938986,  0.05941236,  0.0476308 ,
        0.10099675,  0.0451026 ,  0.05884915,  0.04928678,  0.04888476,
        0.04115521,  0.10330718,  0.09947674,  0.04639804,  0.04691513,
               nan,  0.03125469,  0.0299022 ,  0.04422932,  0.07830461,
        0.11448447,  0.06895653,  0.0914204 ,  0.06387923,  0.10075986,
        0.03168631,  0.0304523 ,  0.09093929,  0.07426412,  0.04552696,
        0.06529185,  0.05797851,         nan,  0.08548062,  0.13092979,
        0.0451779 ,  0.13711071,  0.10018337,  0.1775567 ,  0.12499412,
        0.10408514,  0.10826096,  0.1178737 ,  0.09248306,  0.05781618,
        0.12157159,  0.10887035,  0.14658282,  0.14474833,         nan,
        0.        ,  3.49857114,  1.8547237 ,  2.05912603,  1.356466  ,
        2.13541565,  2.41660919,  1.74355958,  1.72046505,  2.63818119,
        3.92937654,  2.52982213,  3.03315018,  1.74355958,  2.03960781,
        3.86781592,  3.2       ,  0.        ,  2.87054002,  2.75680975,
        2.03960781,  2.31516738,  1.72046505,  3.2249031 ,  2.65329983,
        3.18747549,  3.72021505,  3.28633535,  3.74165739,  2.52982213,
        1.41421356,  3.13687743,  1.72046505,  3.00665928,  0.        ,
        2.96647939,  2.65329983,  3.24961536,  1.8547237 ,  3.03315018,
        3.31058907,  2.22710575,  3.12409987,  2.63818119,  2.93938769,
        2.8       ,  2.19089023,  3.00665928,  2.31516738,  3.12409987,
        3.05941171,  0.        ,  3.03315018,  4.69041576,  0.8       ,
        3.65513338,  4.92341345,  1.72046505,  3.31058907,  2.78567766,
        2.72763634,  3.2       ,  2.93938769,  2.87054002,  1.2       ,
        2.41660919,  2.41660919,  2.78567766,  0.        ,  1.78885438,
        3.31058907,  2.0976177 ,  2.24499443,  2.72763634,  2.92574777,
        2.44948974,  3.92937654,  3.05941171,  3.61109402,  1.72046505,
        2.41660919,  2.60768096,  3.52136337,  4.70744092,  1.93907194,
        0.        ,  1.49666295,  3.2       ,  1.49666295,  2.92574777,
        3.49857114,  4.4       ,  3.55527777,  2.31516738,  3.26190129,
        4.26145515,  2.22710575,  1.67332005,  1.8547237 ,  0.8       ,
        3.09838668,  1.49666295,  0.        ,  1.49666295,  1.46969385,
        2.0976177 ,  1.8547237 ,  1.41421356,  0.8       ,  1.6       ,
        1.0198039 ,  2.63818119,  1.8547237 ,  3.54400903,  3.31058907,
        3.63318042,  2.22710575,  2.92574777,  1.46969385,  0.        ,
        3.2       ,  2.75680975,  3.6       ,  4.26145515,  3.49857114,
        2.19089023,  3.18747549,  3.7094474 ,  2.        ,  2.92574777,
        3.57770876,  4.92341345,  2.41660919,  1.6       ,  1.54919334,
        3.37045991,  0.        ,  3.40587727,  3.18747549,  4.16653333,
        3.26190129,  2.92574777,  3.87814389,  4.02988834,  2.44948974,
        2.93938769,  2.05912603,  1.54919334,  2.63818119,  2.72763634,
        2.13541565,  2.56124969,  3.18747549,  0.        ,  2.41660919,
        1.8547237 ,  3.05941171,  2.15406592,  3.00665928,  2.78567766,
        3.86781592,  3.65513338,  3.13687743,  3.28633535,  3.03315018,
        3.2       ,  1.72046505,  3.34664011,  2.89827535,  2.41660919,
        0.        ,  3.76297754,  1.83303028,  2.36643191,  1.67332005,
        3.42928564,  2.31516738,  3.18747549,  2.57681975,  2.44948974,
        2.31516738,  4.04969135,  1.16619038,  3.92937654,  3.84707681,
        1.62480768,  3.38230691,  0.        ,  2.60768096,  2.8       ,
        3.18747549,  4.4       ,  2.85657137,  3.81575681,  2.85657137,
        2.63818119,  3.81575681,  3.26190129,  0.74833148,  3.2       ,
        2.92574777,  2.8       ,  1.78885438,  2.85657137,  0.        ,
        2.4       ,  1.74355958,  3.31058907,  1.8547237 ,  2.78567766,
        2.93938769,  3.00665928,  3.0724583 ,  2.15406592,  1.26491106,
        1.93907194,  2.68328157,  2.05912603,  2.48193473,  3.2       ,
        2.33238076,  0.        ,  2.4979992 ,  3.26190129,  1.95959179,
        1.32664992,  2.03960781,  2.71293199,  3.42928564,  3.00665928,
        1.0198039 ,  2.93938769,  3.55527777,  2.92574777,  1.72046505,
        3.40587727,  1.72046505,  2.41660919,  0.        ,  2.72763634,
        4.09878031,  3.48711915,  3.26190129,  3.13687743,  1.8973666 ,
        4.60434577,  3.00665928,  4.        ,  4.31740663,  3.03315018,
        3.72021505,  4.63033476,  3.57770876,  3.61109402,  3.05941171,
        0.        ,  0.01051914])]}
dataset: synthetic elevators
number of samples: 16599
NONERECALL: 0.001000
CV: 5
{'perf': [array([  5.64070376e-01,   0.00000000e+00,   0.00000000e+00,
         8.01675675e-01,   7.95108593e-01,   8.61437960e-01,
         8.89089888e-01,   9.32645829e-01,   8.43183097e-01,
         8.40893777e-01,   8.30652214e-01,   7.60166384e-01,
         8.01675675e-01,   7.95108593e-01,   8.61437960e-01,
         8.89089888e-01,   9.32645829e-01,   8.43183097e-01,
         8.40893777e-01,   8.30652214e-01,   7.60166384e-01,
         3.31980000e+03,   3.31980000e+03,   3.31980000e+03,
         3.31980000e+03,   3.31980000e+03,   3.31980000e+03,
         3.31980000e+03,   3.31980000e+03,   3.31980000e+03,
         0.00000000e+00,   8.37998997e-01,   7.88624935e-01,
                    nan,   6.86209300e-01,   6.69536184e-01,
         6.25493453e-01,   8.73537912e-01,   9.24292753e-01,
         8.94312080e-01,   9.44173749e-01,   6.42395632e-01,
         8.56043256e-01,              nan,   8.30641616e-01,
         7.44359591e-01,   8.82926675e-01,   9.40659700e-01,
         9.16287472e-01,   9.60471581e-01,   8.35745273e-01,
         8.88102121e-01,   9.65220824e-01,              nan,
         7.51442424e-01,   8.89442700e-01,   9.40659700e-01,
         9.24021434e-01,   9.61976222e-01,   8.42344405e-01,
         8.98129498e-01,   9.54784086e-01,   9.41793488e-01,
                    nan,   8.98707852e-01,   9.67684562e-01,
         9.33917995e-01,   9.82576020e-01,   9.95384965e-01,
         8.94757489e-01,   8.88639434e-01,   8.84594000e-01,
         8.78948561e-01,              nan,   9.66027911e-01,
         9.64028395e-01,   9.72972568e-01,   8.78954480e-01,
         8.93482956e-01,   9.06740537e-01,   9.06589136e-01,
         8.87237842e-01,   1.83871764e-01,              nan,
         1.48676158e-01,   9.99277453e-01,   9.02214360e-01,
         8.89611815e-01,   8.96046637e-01,   8.91092200e-01,
         8.79529657e-01,   9.45150568e-02,   9.69592354e-01,
                    nan,   9.84318701e-01,   8.86888386e-01,
         8.71146251e-01,   8.84843144e-01,   8.82598208e-01,
         8.68956324e-01,   1.50105077e-01,   3.33333333e-01,
         9.41851122e-02,              nan,   8.81541241e-01,
         8.91757706e-01,   8.57980260e-01,   8.35484564e-01,
         7.64928934e-01,   8.98507648e-01,   9.53913517e-01,
         9.25724138e-01,   9.71519717e-01,              nan,
         0.00000000e+00,   1.08280000e+03,   1.08320000e+03,
         1.12980000e+03,   1.99000000e+03,   1.96880000e+03,
         1.97880000e+03,   1.96880000e+03,   1.13000000e+03,
         2.23700000e+03,   0.00000000e+00,   1.29100000e+03,
         9.39600000e+02,   1.99120000e+03,   1.98660000e+03,
         1.99200000e+03,   1.98660000e+03,   9.40000000e+02,
         2.23660000e+03,   2.02880000e+03,   0.00000000e+00,
         9.39200000e+02,   1.99120000e+03,   1.98660000e+03,
         1.99200000e+03,   1.98660000e+03,   9.40000000e+02,
         2.19000000e+03,   2.38020000e+03,   2.38060000e+03,
         0.00000000e+00,   1.99540000e+03,   1.98520000e+03,
         1.99200000e+03,   1.98520000e+03,   1.64560000e+03,
         1.32980000e+03,   1.32860000e+03,   1.32860000e+03,
         1.32440000e+03,   0.00000000e+00,   2.90560000e+03,
         2.84420000e+03,   2.90540000e+03,   1.32440000e+03,
         1.35100000e+03,   1.33320000e+03,   1.33320000e+03,
         1.33460000e+03,   4.14200000e+02,   0.00000000e+00,
         1.84800000e+02,   3.31940000e+03,   1.33460000e+03,
         1.34100000e+03,   1.32780000e+03,   1.32780000e+03,
         1.32780000e+03,   4.75600000e+02,   3.13500000e+03,
         0.00000000e+00,   3.13480000e+03,   1.32780000e+03,
         1.35100000e+03,   1.33320000e+03,   1.33320000e+03,
         1.33460000e+03,   4.14400000e+02,   4.00000000e-01,
         1.85000000e+02,   0.00000000e+00,   1.33460000e+03,
         2.18980000e+03,   2.37980000e+03,   2.37980000e+03,
         1.67420000e+03,   1.99540000e+03,   1.98520000e+03,
         1.99200000e+03,   1.98520000e+03,   0.00000000e+00,
         7.68882500e-01]), array([  8.81320076e-03,   0.00000000e+00,   0.00000000e+00,
         7.30064330e-03,   5.52262923e-03,   6.53618858e-03,
         5.49582656e-03,   6.92043777e-03,   3.98957870e-03,
         8.18848275e-03,   4.41706178e-03,   9.30707669e-03,
         7.30064330e-03,   5.52262923e-03,   6.53618858e-03,
         5.49582656e-03,   6.92043777e-03,   3.98957870e-03,
         8.18848275e-03,   4.41706178e-03,   9.30707669e-03,
         4.00000000e-01,   4.00000000e-01,   4.00000000e-01,
         4.00000000e-01,   4.00000000e-01,   4.00000000e-01,
         4.00000000e-01,   4.00000000e-01,   4.00000000e-01,
         0.00000000e+00,   2.25263730e-03,   3.64372127e-03,
                    nan,   1.03836134e-02,   8.47314725e-03,
         8.61427151e-03,   9.86135126e-03,   2.44065752e-03,
         7.25244357e-03,   2.10038471e-03,   8.58086306e-03,
         1.22311131e-02,              nan,   6.34585145e-03,
         1.22972915e-02,   8.44146137e-03,   2.30820580e-03,
         7.98472245e-03,   2.61997775e-03,   7.24106041e-03,
         7.95163359e-03,   5.11075985e-03,              nan,
         1.14071180e-02,   8.90166055e-03,   2.30820580e-03,
         1.00143658e-02,   2.85967199e-03,   7.02041140e-03,
         8.74932803e-03,   5.98071758e-03,   7.16436028e-03,
                    nan,   9.15077739e-03,   2.79169237e-03,
         8.50499085e-03,   2.63743724e-03,   1.49006209e-03,
         9.72133996e-03,   1.11727506e-02,   1.06174083e-02,
         1.22594400e-02,              nan,   3.90887797e-03,
         3.91553869e-03,   3.26791228e-03,   1.12965171e-02,
         7.97186087e-03,   7.57534640e-03,   7.74300472e-03,
         1.04205462e-02,   1.61016345e-02,              nan,
         1.57365799e-02,   3.61213082e-04,   7.82703618e-03,
         1.15095876e-02,   1.00681439e-02,   1.00732550e-02,
         1.20075102e-02,   7.51387984e-03,   2.32921008e-03,
                    nan,   2.19193245e-03,   1.07929359e-02,
         8.56986490e-03,   9.70120145e-03,   9.73776589e-03,
         1.23863713e-02,   1.91203740e-02,   0.00000000e+00,
         2.40335032e-02,              nan,   9.58824526e-03,
         7.58091653e-03,   1.06070352e-02,   1.02151893e-02,
         1.16193206e-02,   9.37174248e-03,   1.70954638e-03,
         9.23294527e-03,   2.09136622e-03,              nan,
         0.00000000e+00,   2.61640975e+01,   2.60261407e+01,
         2.58874487e+01,   1.94010309e+01,   1.76113600e+01,
         1.46615142e+01,   1.76113600e+01,   2.56593063e+01,
         2.58843582e+01,   0.00000000e+00,   1.10272390e+01,
         1.70011764e+01,   1.89145447e+01,   1.77380946e+01,
         1.82756669e+01,   1.77380946e+01,   1.69115345e+01,
         2.57417948e+01,   1.12142766e+01,   0.00000000e+00,
         1.71043854e+01,   1.89145447e+01,   1.77380946e+01,
         1.82756669e+01,   1.77380946e+01,   1.69115345e+01,
         2.56982490e+01,   1.67618615e+01,   1.68712774e+01,
         0.00000000e+00,   2.00658915e+01,   1.89673404e+01,
         1.81548891e+01,   1.89673404e+01,   2.15925913e+01,
         1.92187409e+01,   1.87467330e+01,   1.87467330e+01,
         1.99158229e+01,   0.00000000e+00,   1.02097992e+01,
         1.77696370e+01,   1.03266645e+01,   1.99158229e+01,
         1.79108905e+01,   1.80044439e+01,   1.80044439e+01,
         1.92312246e+01,   1.03614671e+01,   0.00000000e+00,
         8.40000000e+00,   4.89897949e-01,   1.92312246e+01,
         1.48323970e+01,   1.84542678e+01,   1.84542678e+01,
         1.83455717e+01,   1.77380946e+01,   8.31865374e+00,
         0.00000000e+00,   8.56504524e+00,   1.83455717e+01,
         1.79108905e+01,   1.80044439e+01,   1.80044439e+01,
         1.92312246e+01,   1.04804580e+01,   4.89897949e-01,
         8.64869932e+00,   0.00000000e+00,   1.92312246e+01,
         2.54668412e+01,   1.66661333e+01,   1.66661333e+01,
         2.18668699e+01,   2.00658915e+01,   1.89673404e+01,
         1.81548891e+01,   1.89673404e+01,   0.00000000e+00,
         7.15038954e-03])]}
dataset: synthetic pendigits
number of samples: 10992
NONERECALL: 0.001000
CV: 5
{'perf': [array([  7.45815349e-01,   0.00000000e+00,   0.00000000e+00,
         9.32224053e-01,   8.76819516e-01,   8.36790526e-01,
         8.57896405e-01,   8.12864686e-01,   9.10844701e-01,
         8.65083062e-01,   8.58624215e-01,   9.12026891e-01,
         9.23854502e-01,   9.32224053e-01,   8.76819516e-01,
         8.36790526e-01,   8.57896405e-01,   8.12864686e-01,
         9.10844701e-01,   8.65083062e-01,   8.58624215e-01,
         9.12026891e-01,   9.23854502e-01,   2.19840000e+03,
         2.19840000e+03,   2.19840000e+03,   2.19840000e+03,
         2.19840000e+03,   2.19840000e+03,   2.19840000e+03,
         2.19840000e+03,   2.19840000e+03,   2.19840000e+03,
         0.00000000e+00,   8.77861565e-01,   9.30491053e-01,
                    nan,   9.85015902e-01,   9.90746425e-01,
         9.85443557e-01,   9.85497502e-01,   9.22953225e-01,
         9.89259609e-01,   9.82486085e-01,   9.33659948e-01,
         9.66212974e-01,   9.62810436e-01,              nan,
         9.86288066e-01,   9.77257385e-01,   9.94642976e-01,
         9.53384491e-01,   9.60894195e-01,   9.69521911e-01,
         9.79272897e-01,   8.86840764e-01,   9.69522255e-01,
         9.08129251e-01,              nan,   8.88251517e-01,
         8.61416218e-01,   9.70702992e-01,   9.21422186e-01,
         8.59237307e-01,   9.65874577e-01,   9.82001614e-01,
         9.35412189e-01,   8.36467877e-01,   9.51431157e-01,
                    nan,   8.79379680e-01,   9.53418415e-01,
         9.40510676e-01,   9.39676435e-01,   9.74513717e-01,
         9.43851387e-01,   7.84253777e-01,   7.43442093e-01,
         9.16412569e-01,   8.99848804e-01,              nan,
         9.80845203e-01,   8.58712757e-01,   8.75900273e-01,
         9.43926450e-01,   8.50333584e-01,   9.93523598e-01,
         9.73040477e-01,   9.96546095e-01,   9.88160565e-01,
         9.98258628e-01,              nan,   9.97796540e-01,
         9.69446767e-01,   9.63927934e-01,   9.78257777e-01,
         8.28891469e-01,   9.62568679e-01,   9.51094630e-01,
         9.64654770e-01,   9.68529875e-01,   9.82796811e-01,
                    nan,   8.88682895e-01,   9.69862084e-01,
         9.17518179e-01,   9.67005908e-01,   9.05817605e-01,
         9.76708731e-01,   9.80041523e-01,   9.65749123e-01,
         9.22085504e-01,   9.83687305e-01,              nan,
         9.59971987e-01,   9.24116104e-01,   9.91669732e-01,
         9.74899982e-01,   9.96629338e-01,   9.89423968e-01,
         9.97086305e-01,   8.76199562e-01,   9.97487186e-01,
         9.72761839e-01,              nan,   9.81341256e-01,
         9.85355389e-01,   9.54213940e-01,   9.91524054e-01,
         9.96538876e-01,   9.98024783e-01,   9.84409635e-01,
         9.71850071e-01,   9.69951239e-01,   9.84194264e-01,
                    nan,   0.00000000e+00,   1.03760000e+03,
         1.74800000e+03,   1.70160000e+03,   1.76500000e+03,
         2.85600000e+02,   1.80460000e+03,   1.19600000e+03,
         3.50400000e+02,   8.08400000e+02,   1.16080000e+03,
         0.00000000e+00,   1.70260000e+03,   1.81940000e+03,
         1.82720000e+03,   8.29200000e+02,   1.32200000e+03,
         1.26400000e+03,   1.03860000e+03,   7.89800000e+02,
         4.50400000e+02,   4.95800000e+02,   0.00000000e+00,
         1.00000000e+03,   1.01220000e+03,   2.91200000e+02,
         9.37200000e+02,   4.85000000e+02,   3.02200000e+02,
         4.31800000e+02,   4.96800000e+02,   3.79000000e+02,
         1.19840000e+03,   0.00000000e+00,   9.95800000e+02,
         3.09600000e+02,   8.02600000e+02,   6.08200000e+02,
         3.66200000e+02,   2.35000000e+02,   4.33400000e+02,
         3.71200000e+02,   1.18620000e+03,   1.20260000e+03,
         0.00000000e+00,   2.47800000e+02,   7.58400000e+02,
         4.78200000e+02,   2.77800000e+02,   2.75600000e+02,
         1.91280000e+03,   1.36920000e+03,   1.90720000e+03,
         1.88880000e+03,   1.95060000e+03,   0.00000000e+00,
         1.99160000e+03,   1.68640000e+03,   1.57280000e+03,
         1.37840000e+03,   3.93800000e+02,   8.76400000e+02,
         1.26120000e+03,   1.39580000e+03,   1.44000000e+03,
         2.06800000e+02,   0.00000000e+00,   5.71400000e+02,
         2.13000000e+02,   5.73600000e+02,   1.00240000e+03,
         9.34400000e+02,   1.71340000e+03,   1.59020000e+03,
         1.72020000e+03,   5.12000000e+02,   1.62700000e+03,
         0.00000000e+00,   7.02800000e+02,   7.77200000e+02,
         1.84800000e+03,   1.15980000e+03,   1.89620000e+03,
         1.83220000e+03,   1.92060000e+03,   6.25600000e+02,
         1.98540000e+03,   1.49560000e+03,   0.00000000e+00,
         1.30380000e+03,   1.39000000e+03,   1.40860000e+03,
         1.76660000e+03,   1.96340000e+03,   1.92280000e+03,
         8.20000000e+02,   1.62480000e+03,   1.42120000e+03,
         8.94600000e+02,   0.00000000e+00,   9.47845211e-01]), array([  3.61695730e-03,   0.00000000e+00,   0.00000000e+00,
         7.07079232e-03,   8.30145208e-03,   3.18807162e-03,
         8.80844439e-03,   7.37996428e-03,   8.55456994e-03,
         9.63128102e-03,   7.38655993e-03,   8.25609087e-03,
         5.71176205e-03,   7.07079232e-03,   8.30145208e-03,
         3.18807162e-03,   8.80844439e-03,   7.37996428e-03,
         8.55456994e-03,   9.63128102e-03,   7.38655993e-03,
         8.25609087e-03,   5.71176205e-03,   4.89897949e-01,
         4.89897949e-01,   4.89897949e-01,   4.89897949e-01,
         4.89897949e-01,   4.89897949e-01,   4.89897949e-01,
         4.89897949e-01,   4.89897949e-01,   4.89897949e-01,
         0.00000000e+00,   1.65620295e-03,   1.03671323e-03,
                    nan,   4.91471184e-03,   1.56861697e-03,
         2.57727692e-03,   1.82516205e-03,   1.57189484e-02,
         1.71729051e-03,   3.39168364e-03,   1.13356450e-02,
         2.30094780e-03,   3.59777941e-03,              nan,
         2.71787761e-03,   3.71553605e-03,   9.39379656e-04,
         6.36541404e-03,   3.65794184e-03,   7.03151169e-03,
         4.31872372e-03,   7.16191512e-03,   5.42301608e-03,
         1.17610596e-02,              nan,   5.36721576e-03,
         1.05427781e-02,   5.21219895e-03,   1.27790314e-02,
         9.75007083e-03,   6.76824841e-03,   3.48253030e-03,
         1.23621592e-02,   1.23395651e-02,   6.67492644e-03,
                    nan,   1.30111636e-02,   1.53313245e-02,
         6.55681228e-03,   4.88442774e-03,   5.73428826e-03,
         8.93282067e-03,   2.21763338e-02,   1.72779562e-02,
         1.27692112e-02,   8.49602602e-03,              nan,
         2.43463022e-03,   2.56618551e-02,   1.53481139e-02,
         1.19253068e-02,   1.13815342e-02,   1.50034842e-03,
         5.19278279e-03,   1.94143985e-03,   1.60063878e-03,
         4.10127463e-04,              nan,   1.11413345e-03,
         5.02141849e-03,   3.81931202e-03,   1.98773229e-03,
         2.80737429e-02,   6.91380545e-03,   5.70357015e-03,
         2.91209367e-03,   3.55538662e-03,   8.79516652e-03,
                    nan,   1.94864409e-02,   7.43371776e-03,
         1.08995501e-02,   5.49005447e-03,   7.13388328e-03,
         6.38083802e-03,   2.92811444e-03,   2.64393189e-03,
         9.25130226e-03,   3.55130831e-03,              nan,
         7.83888746e-03,   7.98040081e-03,   2.61627919e-03,
         7.65171531e-03,   1.30956280e-03,   3.29446022e-03,
         1.26359435e-03,   1.60134531e-02,   1.04295222e-03,
         2.74566410e-03,              nan,   3.27165418e-03,
         5.75570504e-03,   2.82398955e-03,   2.32066023e-03,
         1.52786362e-03,   2.15325216e-04,   2.23290979e-03,
         3.92466678e-03,   3.38869285e-03,   2.27143185e-03,
                    nan,   0.00000000e+00,   1.36029409e+01,
         9.73652916e+00,   5.08330601e+00,   1.96061215e+01,
         6.31189354e+00,   7.52595509e+00,   1.40000000e+01,
         6.08604962e+00,   1.98655481e+01,   1.32574507e+01,
         0.00000000e+00,   1.30935098e+01,   1.34551106e+01,
         9.43186090e+00,   8.47112743e+00,   2.08710326e+01,
         4.33589668e+00,   1.20432554e+01,   7.46726188e+00,
         9.72830921e+00,   1.30445391e+01,   0.00000000e+00,
         2.32551070e+01,   1.83455717e+01,   1.05147515e+01,
         1.03614671e+01,   9.20869155e+00,   1.02254584e+01,
         8.37615664e+00,   5.26877595e+00,   1.32514150e+01,
         2.32086191e+01,   0.00000000e+00,   1.82142801e+01,
         1.52394226e+01,   1.29398609e+01,   1.00279609e+01,
         1.17541482e+01,   1.44775689e+01,   1.92416216e+01,
         9.10823803e+00,   1.79933321e+01,   1.81614977e+01,
         0.00000000e+00,   9.70360758e+00,   1.14995652e+01,
         1.46615142e+01,   7.83326241e+00,   1.04038454e+01,
         6.43117408e+00,   8.58836422e+00,   1.07962957e+01,
         1.53935051e+01,   1.00518655e+01,   0.00000000e+00,
         1.27530389e+01,   6.01996678e+00,   1.27499020e+01,
         1.17915224e+01,   7.73045924e+00,   2.11716792e+01,
         1.02645019e+01,   1.31057239e+01,   1.17813412e+01,
         1.29367693e+01,   0.00000000e+00,   1.22898332e+01,
         1.18321596e+01,   1.64268074e+01,   1.40655608e+01,
         4.27083130e+00,   9.52050419e+00,   9.94786409e+00,
         1.49184450e+01,   6.13188389e+00,   1.22311079e+01,
         0.00000000e+00,   6.43117408e+00,   1.52761252e+01,
         6.48074070e+00,   1.22212929e+01,   1.05147515e+01,
         1.20233107e+01,   8.21218607e+00,   1.29861465e+01,
         1.16378692e+01,   6.77052435e+00,   0.00000000e+00,
         1.96203975e+01,   1.99499373e+01,   7.55248304e+00,
         8.06473806e+00,   1.45134420e+01,   1.07962957e+01,
         1.15238882e+01,   1.64243721e+01,   1.51710250e+01,
         1.93142434e+01,   0.00000000e+00,   1.11947011e-03])]}
dataset: synthetic segment
number of samples: 2310
NONERECALL: 0.001000
CV: 5
{'perf': [array([   0.81731602,    0.        ,    0.        ,    0.90952381,
          0.93809524,    0.94025974,    0.92900433,    0.94675325,
          0.95584416,    0.94458874,    0.90952381,    0.93809524,
          0.94025974,    0.92900433,    0.94675325,    0.95584416,
          0.94458874,  462.        ,  462.        ,  462.        ,
        462.        ,  462.        ,  462.        ,  462.        ,
          0.        ,    0.93759339,    0.94965986,           nan,
          0.98770295,    0.94871241,    0.98760494,    0.86890875,
          0.97431832,    0.98939073,    0.91906658,           nan,
          0.97859631,    0.98184433,    0.93300354,    0.81904635,
          0.95021546,    0.94460911,    0.99071679,           nan,
          0.97323614,    0.96673452,    0.96567728,    0.99127581,
          0.96947238,    0.99446265,    0.94240861,           nan,
          0.9738785 ,    0.98592851,    0.97826119,    0.96789948,
          0.98931976,    0.9668412 ,    0.98327128,           nan,
          0.97665014,    0.9895822 ,    0.96081587,    0.9920713 ,
          0.97200812,    0.96954899,    0.96771148,           nan,
          0.94492414,    0.91584011,    0.96680658,    0.98608211,
          0.96455767,    0.98241764,    0.96765082,           nan,
          0.        ,  372.        ,  235.8       ,  240.4       ,
        185.2       ,  295.6       ,  354.8       ,   90.        ,
          0.        ,   75.8       ,   65.6       ,   88.6       ,
         86.8       ,  181.8       ,  226.2       ,  386.2       ,
          0.        ,  228.        ,  157.2       ,  318.6       ,
        362.6       ,  221.6       ,  396.4       ,  234.        ,
          0.        ,  212.2       ,  397.2       ,  336.8       ,
        276.8       ,  373.4       ,  304.8       ,  249.8       ,
          0.        ,  306.8       ,  362.2       ,  166.4       ,
        375.2       ,  143.4       ,   64.8       ,  155.2       ,
          0.        ,  223.        ,  107.2       ,  280.2       ,
         99.4       ,  125.2       ,   99.8       ,  239.        ,
          0.        ,    0.9631143 ]), array([  1.11718510e-02,   0.00000000e+00,   0.00000000e+00,
         1.35795560e-02,   5.57753192e-03,   5.74307323e-03,
         7.67101522e-03,   6.78977798e-03,   1.10876610e-02,
         7.81622082e-03,   1.35795560e-02,   5.57753192e-03,
         5.74307323e-03,   7.67101522e-03,   6.78977798e-03,
         1.10876610e-02,   7.81622082e-03,   0.00000000e+00,
         0.00000000e+00,   0.00000000e+00,   0.00000000e+00,
         0.00000000e+00,   0.00000000e+00,   0.00000000e+00,
         0.00000000e+00,   4.97719812e-03,   5.28530875e-03,
                    nan,   4.45046406e-03,   1.70359981e-02,
         4.59017893e-03,   2.05775303e-02,   5.56824778e-03,
         3.12887350e-03,   2.27750917e-02,              nan,
         8.16131673e-03,   7.36057469e-03,   2.27336027e-02,
         1.67391116e-02,   1.25350535e-02,   2.04237974e-02,
         4.13113061e-03,              nan,   1.15908875e-02,
         1.47729001e-02,   8.27546486e-03,   5.45783963e-03,
         6.37898411e-03,   2.93744062e-03,   5.01789301e-03,
                    nan,   3.34952755e-03,   8.15445674e-03,
         7.49822153e-03,   7.44376419e-03,   4.62620197e-03,
         7.58750636e-03,   6.52983374e-03,              nan,
         8.14030663e-03,   1.95808642e-03,   1.30575160e-02,
         2.27462874e-03,   1.08614243e-02,   1.11155137e-02,
         1.08363869e-02,              nan,   2.28825772e-02,
         1.10270934e-02,   4.64392887e-03,   5.13115318e-03,
         1.13922130e-02,   6.87677436e-03,   1.20560280e-02,
                    nan,   0.00000000e+00,   9.85900604e+00,
         2.48193473e+00,   5.88557559e+00,   1.01469207e+01,
         8.47584804e+00,   5.49181209e+00,   9.85900604e+00,
         0.00000000e+00,   8.03492377e+00,   5.12249939e+00,
         9.11262860e+00,   5.91269820e+00,   1.37753403e+01,
         2.48193473e+00,   8.03492377e+00,   0.00000000e+00,
         7.48331477e+00,   8.68101377e+00,   7.49933330e+00,
         5.31413210e+00,   5.88557559e+00,   5.12249939e+00,
         7.48331477e+00,   0.00000000e+00,   8.54166260e+00,
         3.60000000e+00,   8.90842298e+00,   1.01469207e+01,
         9.11262860e+00,   8.68101377e+00,   8.54166260e+00,
         0.00000000e+00,   8.08455317e+00,   5.30659966e+00,
         8.47584804e+00,   5.91269820e+00,   7.49933330e+00,
         3.60000000e+00,   8.08455317e+00,   0.00000000e+00,
         1.67332005e+00,   5.49181209e+00,   1.37753403e+01,
         5.31413210e+00,   8.90842298e+00,   5.30659966e+00,
         1.67332005e+00,   0.00000000e+00,   3.15343110e-03])]}
