dataset: synthetic iris
no prune
number of samples: 150
NONERECALL: 0.001000
CV: 5
{'alpha': [0.0, 0.0], 'perf': [array([  0.89333333,   0.        ,   0.        ,   0.95333333,
         0.98      ,   0.96      ,   0.95333333,   0.98      ,
         0.96      ,  30.        ,  30.        ,  30.        ,
         0.        ,   0.96381102,   0.92888889,          nan,
         0.92938914,   0.86960784,   0.92328283,          nan,
         0.93416916,   0.91437166,   0.85750916,          nan,
         0.        ,  15.6       ,  14.6       ,  14.4       ,
         0.        ,  20.        ,  15.4       ,  10.        ,
         0.        ,   0.90293373]), array([ 0.07717225,  0.        ,  0.        ,  0.05811865,  0.02666667,
        0.03265986,  0.05811865,  0.02666667,  0.03265986,  0.        ,
        0.        ,  0.        ,  0.        ,  0.02619956,  0.05144816,
               nan,  0.02419649,  0.08105893,  0.02849147,         nan,
        0.04221862,  0.04811599,  0.06382094,         nan,  0.        ,
        3.61109402,  2.33238076,  3.61109402,  0.        ,  2.0976177 ,
        2.33238076,  2.0976177 ,  0.        ,  0.02422083])]}
dataset: synthetic wine
no prune
number of samples: 178
NONERECALL: 0.001000
CV: 5
{'alpha': [0.0, 0.0], 'perf': [array([  0.87650794,   0.        ,   0.        ,   0.9268254 ,
         0.9552381 ,   0.97190476,   0.9268254 ,   0.9552381 ,
         0.97190476,  35.6       ,  35.6       ,  35.6       ,
         0.        ,   0.95055714,   0.89153439,          nan,
         0.90080783,   0.91148555,   0.88303111,          nan,
         0.9259188 ,   0.86284271,   0.84878205,          nan,
         0.        ,  20.4       ,  24.8       ,  15.2       ,
         0.        ,  25.8       ,  10.8       ,   9.8       ,
         0.        ,   0.88652258]), array([ 0.04504582,  0.        ,  0.        ,  0.03393412,  0.05159243,
        0.01757251,  0.03393412,  0.05159243,  0.01757251,  0.48989795,
        0.48989795,  0.48989795,  0.        ,  0.01757623,  0.04289828,
               nan,  0.02240056,  0.04577484,  0.09099539,         nan,
        0.03748923,  0.0613498 ,  0.07178697,         nan,  0.        ,
        1.49666295,  3.12409987,  1.72046505,  0.        ,  2.85657137,
        3.05941171,  2.71293199,  0.        ,  0.02116293])]}
dataset: synthetic glass
no prune
number of samples: 214
NONERECALL: 0.001000
CV: 5
{'alpha': [0.0, 0.0], 'perf': [array([  0.61694352,   0.        ,   0.        ,   0.82713178,
         0.89745293,   0.8833887 ,   0.90631229,   0.92026578,
         0.94396456,   0.82713178,   0.89745293,   0.8833887 ,
         0.90631229,   0.92026578,   0.94396456,  42.8       ,
        42.8       ,  42.8       ,  42.8       ,  42.8       ,
        42.8       ,   0.        ,   0.89488222,   0.85110373,
                nan,   0.91948091,   0.85829291,   0.94059949,
         0.95054305,   0.92401748,   0.62909091,          nan,
         0.82907754,   0.95114674,   0.95126314,   0.94794418,
         0.57784091,   0.92986022,          nan,   0.94429829,
         0.95044204,   0.92401748,   0.64679487,   0.51904762,
         0.67564103,          nan,   0.95506062,   0.94234654,
         0.69642857,   0.62619048,   0.62380952,   0.64928571,
                nan,   0.91359376,   0.6815873 ,   0.68333333,
         0.6815873 ,   0.67992063,   0.68434343,          nan,
         0.        ,  35.6       ,  37.8       ,  35.        ,
        39.2       ,  35.4       ,   7.2       ,   0.        ,
        16.6       ,  38.8       ,  39.4       ,  36.6       ,
         5.        ,  26.2       ,   0.        ,  34.2       ,
        39.        ,  35.4       ,   7.8       ,   4.        ,
         8.6       ,   0.        ,  38.6       ,  36.4       ,
         3.6       ,   3.4       ,   3.8       ,   4.2       ,
         0.        ,  35.2       ,   7.4       ,   6.2       ,
         7.4       ,   6.4       ,   7.6       ,   0.        ,   0.77190364]), array([ 0.06602525,  0.        ,  0.        ,  0.04299356,  0.04284784,
        0.04846856,  0.04483942,  0.03596643,  0.03474969,  0.04299356,
        0.04284784,  0.04846856,  0.04483942,  0.03596643,  0.03474969,
        0.4       ,  0.4       ,  0.4       ,  0.4       ,  0.4       ,
        0.4       ,  0.        ,  0.01915662,  0.06167062,         nan,
        0.04939906,  0.03361999,  0.03959793,  0.03926447,  0.03893259,
        0.13399577,         nan,  0.11861793,  0.021883  ,  0.02704805,
        0.02412635,  0.20915497,  0.02808555,         nan,  0.03161759,
        0.03919487,  0.03893259,  0.08383478,  0.09085135,  0.05952916,
               nan,  0.02968188,  0.02616066,  0.09430345,  0.19206185,
        0.16795421,  0.21455222,         nan,  0.04439724,  0.2112569 ,
        0.16902042,  0.2112569 ,  0.22289942,  0.23070362,         nan,
        0.        ,  2.05912603,  3.31058907,  2.82842712,  2.03960781,
        1.62480768,  1.83303028,  0.        ,  2.8       ,  1.72046505,
        2.05912603,  1.74355958,  3.46410162,  3.05941171,  0.        ,
        2.92574777,  1.67332005,  1.62480768,  2.56124969,  1.54919334,
        2.72763634,  0.        ,  1.74355958,  1.0198039 ,  1.8547237 ,
        1.8547237 ,  1.46969385,  1.46969385,  0.        ,  1.16619038,
        1.62480768,  1.72046505,  1.62480768,  1.0198039 ,  1.2       ,
        0.        ,  0.06581394])]}
dataset: synthetic bodyfat
no prune
number of samples: 252
NONERECALL: 0.001000
CV: 5
{'alpha': [0.0, 0.0], 'perf': [array([  1.17647059e-02,   0.00000000e+00,   0.00000000e+00,
         5.35215686e-01,   5.71137255e-01,   6.11058824e-01,
         6.35058824e-01,   5.83294118e-01,   5.55294118e-01,
         5.71372549e-01,   5.35215686e-01,   5.71137255e-01,
         6.11058824e-01,   6.35058824e-01,   5.83294118e-01,
         5.55294118e-01,   5.71372549e-01,   5.04000000e+01,
         5.04000000e+01,   5.04000000e+01,   5.04000000e+01,
         5.04000000e+01,   5.04000000e+01,   5.04000000e+01,
         0.00000000e+00,   5.74765693e-01,   7.38151261e-02,
                    nan,   4.79236288e-01,   4.60052025e-01,
         5.22354497e-01,   5.09279066e-01,   4.97109731e-01,
         5.63226812e-01,   5.05268023e-01,              nan,
         4.87634205e-01,   5.55791314e-01,   5.50168350e-01,
         5.13539977e-01,   6.16369048e-01,   5.82287786e-01,
         4.72809145e-01,              nan,   5.13495414e-01,
         5.46038763e-01,   5.98773415e-01,   5.45119208e-01,
         6.02997960e-01,   6.17177677e-01,   5.49990527e-01,
                    nan,   5.54661376e-01,   5.91919414e-01,
         5.78552339e-01,   5.86390463e-01,   5.02497502e-01,
         4.84021164e-01,   4.40000000e-01,              nan,
         4.21151924e-01,   6.32174579e-01,   5.80174050e-01,
         5.72244996e-01,   5.06285983e-01,   5.24533283e-01,
         5.22842475e-01,              nan,   5.76533811e-01,
         5.75167305e-01,   5.85896648e-01,   4.62043956e-01,
         5.28899836e-01,   4.95926424e-01,   4.74834499e-01,
                    nan,   0.00000000e+00,   2.60000000e+01,
         2.38000000e+01,   2.58000000e+01,   2.64000000e+01,
         2.22000000e+01,   2.48000000e+01,   2.44000000e+01,
         0.00000000e+00,   2.46000000e+01,   2.60000000e+01,
         2.64000000e+01,   2.38000000e+01,   2.48000000e+01,
         2.66000000e+01,   2.58000000e+01,   0.00000000e+00,
         2.68000000e+01,   2.54000000e+01,   2.44000000e+01,
         2.40000000e+01,   2.46000000e+01,   2.44000000e+01,
         2.36000000e+01,   0.00000000e+00,   2.44000000e+01,
         2.50000000e+01,   2.50000000e+01,   2.40000000e+01,
         2.40000000e+01,   2.50000000e+01,   2.60000000e+01,
         0.00000000e+00,   2.44000000e+01,   2.64000000e+01,
         2.82000000e+01,   2.66000000e+01,   2.60000000e+01,
         2.54000000e+01,   2.60000000e+01,   0.00000000e+00,
         2.74000000e+01,   2.56000000e+01,   2.56000000e+01,
         2.64000000e+01,   2.54000000e+01,   2.40000000e+01,
         2.30000000e+01,   0.00000000e+00,   5.25242997e-01]), array([ 0.01568627,  0.        ,  0.        ,  0.07583239,  0.05783887,
        0.06154909,  0.08330268,  0.10390798,  0.05964344,  0.07409752,
        0.07583239,  0.05783887,  0.06154909,  0.08330268,  0.10390798,
        0.05964344,  0.07409752,  0.48989795,  0.48989795,  0.48989795,
        0.48989795,  0.48989795,  0.48989795,  0.48989795,  0.        ,
        0.02042284,  0.05861383,         nan,  0.06020192,  0.10080371,
        0.09100529,  0.08506876,  0.05063135,  0.11804879,  0.08113709,
               nan,  0.07245967,  0.08409274,  0.07197503,  0.10027912,
        0.08539333,  0.05486954,  0.1015152 ,         nan,  0.12232506,
        0.0676481 ,  0.10979168,  0.04837358,  0.03679912,  0.06479506,
        0.06492902,         nan,  0.13226124,  0.09449744,  0.10085052,
        0.08856354,  0.12022281,  0.09227407,  0.10828409,         nan,
        0.05873346,  0.11538262,  0.13495315,  0.12645053,  0.05962887,
        0.13834694,  0.11085984,         nan,  0.03118581,  0.11450059,
        0.08258517,  0.03375051,  0.09835838,  0.02525961,  0.10953629,
               nan,  0.        ,  4.14728827,  1.46969385,  2.22710575,
        1.74355958,  2.31516738,  1.72046505,  4.54312668,  0.        ,
        1.74355958,  5.09901951,  4.45421149,  2.78567766,  5.30659966,
        1.356466  ,  1.6       ,  0.        ,  2.71293199,  1.0198039 ,
        2.05912603,  3.74165739,  2.41660919,  4.7581509 ,  2.87054002,
        0.        ,  1.62480768,  1.78885438,  2.0976177 ,  2.        ,
        4.33589668,  1.09544512,  1.78885438,  0.        ,  2.72763634,
        5.0039984 ,  2.63818119,  2.57681975,  1.8973666 ,  2.15406592,
        2.60768096,  0.        ,  1.8547237 ,  1.74355958,  5.08330601,
        3.49857114,  1.74355958,  4.89897949,  1.67332005,  0.        ,
        0.02470009])]}
dataset: synthetic housing
no prune
number of samples: 506
NONERECALL: 0.001000
CV: 5
{'alpha': [0.0, 0.0], 'perf': [array([   0.4545331 ,    0.        ,    0.        ,    0.71937488,
          0.82418948,    0.85185401,    0.85975539,    0.83191613,
          0.81817123,    0.71937488,    0.82418948,    0.85185401,
          0.85975539,    0.83191613,    0.81817123,  101.2       ,
        101.2       ,  101.2       ,  101.2       ,  101.2       ,
        101.2       ,    0.        ,    0.81530887,    0.77492526,
                 nan,    0.87181787,    0.78270896,    0.79017923,
          0.70837615,    0.80620983,    0.83465463,           nan,
          0.95089326,    0.96681768,    0.89029096,    0.75241754,
          0.84234257,    0.88684728,           nan,    0.92010782,
          0.89393069,    0.89149715,    0.83289167,    0.93176423,
          0.88515597,           nan,    0.90646445,    0.87635067,
          0.76159439,    0.90020205,    0.92003382,    0.90625589,
                 nan,    0.88415363,    0.85588297,    0.82426775,
          0.96528743,    0.95493754,    0.90249513,           nan,
          0.        ,   58.6       ,   45.4       ,   46.6       ,
         48.        ,   50.8       ,   42.6       ,    0.        ,
         55.2       ,   58.4       ,   50.4       ,   40.8       ,
         55.8       ,   46.        ,    0.        ,   64.4       ,
         53.8       ,   29.2       ,   54.6       ,   42.8       ,
         36.8       ,    0.        ,   53.8       ,   32.        ,
         53.2       ,   50.8       ,   47.4       ,   47.4       ,
          0.        ,   47.6       ,   50.4       ,   60.4       ,
         72.        ,   69.2       ,   53.6       ,    0.        ,
          0.86623103]), array([  3.57666437e-02,   0.00000000e+00,   0.00000000e+00,
         3.39889586e-02,   3.67873287e-02,   3.44513377e-02,
         2.63759615e-02,   3.89015793e-02,   5.26461052e-02,
         3.39889586e-02,   3.67873287e-02,   3.44513377e-02,
         2.63759615e-02,   3.89015793e-02,   5.26461052e-02,
         4.00000000e-01,   4.00000000e-01,   4.00000000e-01,
         4.00000000e-01,   4.00000000e-01,   4.00000000e-01,
         0.00000000e+00,   8.66449427e-03,   2.45554623e-02,
                    nan,   1.24959248e-02,   3.73097707e-02,
         7.57395292e-02,   7.35836300e-02,   4.55089065e-02,
         5.66279393e-02,              nan,   7.73317203e-03,
         1.50552739e-03,   4.72407665e-02,   7.94330486e-02,
         7.71690685e-02,   2.38319784e-02,              nan,
         3.32746529e-02,   4.77822007e-02,   4.65143556e-02,
         3.63791856e-02,   3.35125687e-02,   4.29402673e-02,
                    nan,   2.75834328e-02,   1.97042192e-02,
         5.59639887e-02,   4.18702856e-02,   3.41359651e-02,
         3.71273854e-02,              nan,   2.39441819e-02,
         2.25898661e-02,   7.70319969e-02,   1.69235820e-02,
         1.11182787e-02,   2.49730047e-02,              nan,
         0.00000000e+00,   4.45421149e+00,   2.87054002e+00,
         5.16139516e+00,   4.14728827e+00,   5.11468474e+00,
         4.58693798e+00,   0.00000000e+00,   1.72046505e+00,
         2.80000000e+00,   3.92937654e+00,   6.04648658e+00,
         3.18747549e+00,   1.78885438e+00,   0.00000000e+00,
         5.88557559e+00,   2.78567766e+00,   2.71293199e+00,
         5.46260011e+00,   2.92574777e+00,   6.04648658e+00,
         0.00000000e+00,   4.48998886e+00,   3.46410162e+00,
         4.26145515e+00,   3.70944740e+00,   2.41660919e+00,
         4.27083130e+00,   0.00000000e+00,   3.32264955e+00,
         5.27636238e+00,   5.88557559e+00,   2.44948974e+00,
         3.31058907e+00,   3.38230691e+00,   0.00000000e+00,
         1.22128051e-02])]}
dataset: synthetic stock
no prune
number of samples: 950
NONERECALL: 0.001000
CV: 5
{'alpha': [0.0, 0.0], 'perf': [array([   0.67894737,    0.        ,    0.        ,    0.92105263,
          0.89157895,    0.90947368,    0.90526316,    0.90210526,
          0.92105263,    0.89157895,    0.90947368,    0.90526316,
          0.90210526,  190.        ,  190.        ,  190.        ,
        190.        ,  190.        ,    0.        ,    0.90567742,
          0.888     ,           nan,    0.91787714,    0.96832419,
          0.9304605 ,    0.96118888,    0.93522502,           nan,
          0.92937677,    0.92892023,    0.93779318,    0.96975608,
          0.89295175,           nan,    0.94737775,    0.90246615,
          0.8715403 ,    0.93639876,    0.96923959,           nan,
          0.93375751,    0.96704162,    0.90938359,    0.91958973,
          0.93378149,           nan,    0.        ,   84.2       ,
         85.        ,  118.2       ,   95.2       ,  105.8       ,
          0.        ,  116.8       ,   90.        ,  110.4       ,
        105.        ,   73.2       ,    0.        ,   69.8       ,
         89.        ,   71.8       ,  100.        ,  120.2       ,
          0.        ,   85.6       ,   94.8       ,   79.6       ,
        101.        ,  104.4       ,    0.        ,    0.93241039]), array([  3.12260989e-02,   0.00000000e+00,   0.00000000e+00,
         1.33148533e-02,   2.22302232e-02,   1.86526791e-02,
         2.49098096e-02,   9.17662935e-03,   1.33148533e-02,
         2.22302232e-02,   1.86526791e-02,   2.49098096e-02,
         9.17662935e-03,   0.00000000e+00,   0.00000000e+00,
         0.00000000e+00,   0.00000000e+00,   0.00000000e+00,
         0.00000000e+00,   6.72379026e-03,   3.16490450e-03,
                    nan,   3.52931264e-02,   1.60403140e-02,
         1.61455997e-02,   2.07669446e-02,   2.50547041e-02,
                    nan,   1.77842395e-02,   2.78171831e-02,
         1.82209891e-02,   7.87892462e-03,   2.89805866e-02,
                    nan,   1.21890771e-02,   2.88782207e-02,
         5.41641537e-02,   3.02490681e-02,   1.09999928e-02,
                    nan,   1.28553109e-02,   7.38321170e-03,
         2.76472996e-02,   3.07256287e-02,   1.96261425e-02,
                    nan,   0.00000000e+00,   4.16653333e+00,
         5.65685425e+00,   9.86711711e+00,   5.84465568e+00,
         4.16653333e+00,   0.00000000e+00,   6.85273668e+00,
         5.01996016e+00,   3.61109402e+00,   5.65685425e+00,
         6.85273668e+00,   0.00000000e+00,   5.49181209e+00,
         5.09901951e+00,   9.86711711e+00,   5.01996016e+00,
         5.49181209e+00,   0.00000000e+00,   5.08330601e+00,
         5.84465568e+00,   3.61109402e+00,   5.09901951e+00,
         5.08330601e+00,   0.00000000e+00,   2.01120488e-03])]}
dataset: synthetic vehicle
no prune
number of samples: 846
NONERECALL: 0.001000
CV: 5
{'alpha': [0.0, 0.0], 'perf': [array([   0.6926488 ,    0.        ,    0.        ,    0.88416986,
          0.87352593,    0.89830839,    0.96808911,    0.88416986,
          0.87352593,    0.89830839,    0.96808911,  169.2       ,
        169.2       ,  169.2       ,  169.2       ,    0.        ,
          0.90514265,    0.83252814,           nan,    0.90887731,
          0.89678437,    0.93820476,    0.78737897,           nan,
          0.89634412,    0.93893745,    0.783282  ,    0.79713095,
                 nan,    0.93155976,    0.97435976,    0.96327709,
          0.95174653,           nan,    0.        ,  116.6       ,
        110.4       ,   75.8       ,   52.6       ,    0.        ,
        111.2       ,   77.6       ,   58.8       ,   58.        ,
          0.        ,   76.4       ,   93.4       ,   91.6       ,
         92.8       ,    0.        ,    0.89436601]), array([  1.66934970e-02,   0.00000000e+00,   0.00000000e+00,
         8.72307574e-03,   1.99888110e-02,   2.47586443e-02,
         6.01029869e-03,   8.72307574e-03,   1.99888110e-02,
         2.47586443e-02,   6.01029869e-03,   4.00000000e-01,
         4.00000000e-01,   4.00000000e-01,   4.00000000e-01,
         0.00000000e+00,   4.64100854e-03,   1.09673188e-02,
                    nan,   2.61551987e-02,   2.50943221e-02,
         2.15497453e-02,   3.65015538e-02,              nan,
         2.94281462e-02,   2.89017807e-02,   3.43470178e-02,
         3.50519811e-02,              nan,   1.37135110e-02,
         9.20105838e-03,   1.36599249e-02,   1.87540799e-02,
                    nan,   0.00000000e+00,   4.45421149e+00,
         7.31026675e+00,   5.49181209e+00,   4.49888875e+00,
         0.00000000e+00,   7.44043010e+00,   5.46260011e+00,
         6.99714227e+00,   7.12741187e+00,   0.00000000e+00,
         7.73563184e+00,   5.42586399e+00,   5.35163526e+00,
         7.60000000e+00,   0.00000000e+00,   7.32732237e-03])]}
dataset: synthetic wisconsin
no prune
number of samples: 194
NONERECALL: 0.001000
CV: 5
{'alpha': [0.0, 0.0], 'perf': [array([  2.56410256e-02,   0.00000000e+00,   0.00000000e+00,
         5.31443995e-01,   5.56005398e-01,   5.92577598e-01,
         5.46288799e-01,   5.97975709e-01,   6.29284750e-01,
         6.85425101e-01,   6.03373819e-01,   5.56950067e-01,
         5.72199730e-01,   5.26720648e-01,   5.20107962e-01,
         5.56950067e-01,   5.00134953e-01,   5.97975709e-01,
         4.74763833e-01,   5.31443995e-01,   5.56005398e-01,
         5.92577598e-01,   5.46288799e-01,   5.97975709e-01,
         6.29284750e-01,   6.85425101e-01,   6.03373819e-01,
         5.56950067e-01,   5.72199730e-01,   5.26720648e-01,
         5.20107962e-01,   5.56950067e-01,   5.00134953e-01,
         5.97975709e-01,   4.74763833e-01,   3.88000000e+01,
         3.88000000e+01,   3.88000000e+01,   3.88000000e+01,
         3.88000000e+01,   3.88000000e+01,   3.88000000e+01,
         3.88000000e+01,   3.88000000e+01,   3.88000000e+01,
         3.88000000e+01,   3.88000000e+01,   3.88000000e+01,
         3.88000000e+01,   3.88000000e+01,   3.88000000e+01,
         0.00000000e+00,   5.57807819e-01,   3.11479982e-01,
                    nan,   5.79596950e-01,   6.15244306e-01,
         6.44837093e-01,   3.70526316e-01,   6.86268432e-01,
         6.20315789e-01,   7.21619557e-01,   7.04207290e-01,
         6.03197691e-01,   6.74541161e-01,   6.44035088e-01,
         6.78949082e-01,   6.39533617e-01,   5.96871345e-01,
         6.53756185e-01,   5.45569794e-01,              nan,
         4.98045001e-01,   5.44508708e-01,   5.47139527e-01,
         6.71226436e-01,   5.25535215e-01,   7.07042607e-01,
         6.84445897e-01,   5.78029473e-01,   5.77510518e-01,
         6.92484962e-01,   6.27315620e-01,   6.35175439e-01,
         5.74901648e-01,   6.62254120e-01,   6.64594094e-01,
         5.86576039e-01,              nan,   6.51391875e-01,
         5.60955035e-01,   7.02077922e-01,   5.75958440e-01,
         6.94258373e-01,   7.26795668e-01,   6.39169471e-01,
         6.51015152e-01,   6.71648352e-01,   6.66919192e-01,
         6.27218615e-01,   6.46666667e-01,   6.67953216e-01,
         5.90509211e-01,   5.82878788e-01,   5.34022556e-01,
                    nan,   5.39680418e-01,   6.79633540e-01,
         5.71842650e-01,   6.63354037e-01,   7.01904762e-01,
         4.89705101e-01,   5.84119234e-01,   6.89378882e-01,
         5.90194236e-01,   6.14189258e-01,   5.64646465e-01,
         5.89405261e-01,   5.70031056e-01,   6.16873706e-01,
         6.51312253e-01,   6.04157246e-01,              nan,
         7.01038693e-01,   6.19058736e-01,   7.59717009e-01,
         7.15800866e-01,   5.56730650e-01,   7.26610644e-01,
         6.49758454e-01,   6.55629458e-01,   6.75860963e-01,
         6.45251562e-01,   6.82564118e-01,   7.26248104e-01,
         7.04343974e-01,   6.67163229e-01,   6.53457569e-01,
         7.44330669e-01,              nan,   7.18463203e-01,
         6.34723897e-01,   6.79139860e-01,   8.25553078e-01,
         8.25960355e-01,   8.81569357e-01,   7.73169650e-01,
         7.95802441e-01,   8.91984708e-01,   6.61526544e-01,
         6.89982202e-01,   7.49623188e-01,   6.62406926e-01,
         6.21948052e-01,   6.61846547e-01,   7.58483164e-01,
                    nan,   7.68138528e-01,   7.37986270e-01,
         6.80180451e-01,   7.45880313e-01,   7.96916005e-01,
         7.77359307e-01,   6.73131313e-01,   6.92127800e-01,
         7.44794111e-01,   7.41824842e-01,   6.69695032e-01,
         6.63768116e-01,   6.02867514e-01,   7.26283716e-01,
         5.01018589e-01,   7.19099567e-01,              nan,
         4.84992785e-01,   8.41706924e-01,   8.05563910e-01,
         8.64919414e-01,   7.57147354e-01,   7.91035088e-01,
         8.61441432e-01,   6.96568009e-01,   7.43113396e-01,
         6.70740091e-01,   6.14200337e-01,   6.43037702e-01,
         7.21096681e-01,   5.55771782e-01,   6.67142857e-01,
         6.22384236e-01,              nan,   7.70518519e-01,
         7.82421867e-01,   8.76165338e-01,   7.38905797e-01,
         7.87068581e-01,   8.36341436e-01,   6.38513270e-01,
         6.09950938e-01,   5.67011410e-01,   6.63123746e-01,
         6.12761905e-01,   6.14811276e-01,   7.59008370e-01,
         6.48636991e-01,   7.59207290e-01,   7.23792271e-01,
                    nan,   5.94410774e-01,   6.54982684e-01,
         6.74536691e-01,   5.95351422e-01,   5.65899863e-01,
         6.57668727e-01,   5.60752104e-01,   5.82640794e-01,
         5.75347763e-01,   5.71232159e-01,   6.09425078e-01,
         6.21352657e-01,   5.98424470e-01,   6.43751066e-01,
         6.49035108e-01,   4.66502917e-01,              nan,
         5.71237458e-01,   5.91144165e-01,   5.97676768e-01,
         5.35729971e-01,   6.27007289e-01,   5.72921434e-01,
         5.66762977e-01,   5.50609626e-01,   6.03132451e-01,
         5.12333333e-01,   6.84729584e-01,   6.17163561e-01,
         7.22949861e-01,   7.15540107e-01,   5.10602263e-01,
         5.05335397e-01,              nan,   5.75248604e-01,
         6.50202429e-01,   5.55967320e-01,   6.38141026e-01,
         6.55775336e-01,   5.72962963e-01,   6.70744082e-01,
         6.34826334e-01,   6.46814264e-01,   6.72241546e-01,
         6.55392434e-01,   6.69953964e-01,   6.72383188e-01,
         6.94741688e-01,   6.35757576e-01,   7.07106858e-01,
                    nan,   6.79761905e-01,   7.06393939e-01,
         6.75814815e-01,   6.38190476e-01,   6.50300534e-01,
         6.35978836e-01,   6.02911929e-01,   6.14574315e-01,
         6.39346093e-01,   5.83643892e-01,   6.52079144e-01,
         6.92063492e-01,   5.03228906e-01,   5.75140097e-01,
         6.12500000e-01,   5.58656642e-01,              nan,
         5.37916820e-01,   5.86131501e-01,   6.44228833e-01,
         6.32647468e-01,   6.29630053e-01,   5.98224022e-01,
         5.91884821e-01,   7.30952381e-01,   6.38067897e-01,
         7.47226891e-01,   7.41890756e-01,   4.90992743e-01,
         6.21757576e-01,   6.99210702e-01,   6.75646726e-01,
         5.47133834e-01,              nan,   7.31142250e-01,
         5.14333333e-01,   4.65761905e-01,   5.12302074e-01,
         4.44303030e-01,   4.54004329e-01,   5.15165631e-01,
         4.16969697e-01,   5.21785714e-01,   5.18408521e-01,
         4.35142857e-01,   5.33306878e-01,   4.83061117e-01,
         5.76890923e-01,   5.02294372e-01,   5.36735019e-01,
                    nan,   0.00000000e+00,   2.04000000e+01,
         2.06000000e+01,   1.96000000e+01,   1.84000000e+01,
         1.82000000e+01,   1.96000000e+01,   1.84000000e+01,
         1.88000000e+01,   1.88000000e+01,   1.86000000e+01,
         1.90000000e+01,   1.90000000e+01,   1.84000000e+01,
         1.82000000e+01,   1.98000000e+01,   1.84000000e+01,
         0.00000000e+00,   1.94000000e+01,   1.90000000e+01,
         2.02000000e+01,   1.78000000e+01,   1.78000000e+01,
         1.80000000e+01,   1.76000000e+01,   1.82000000e+01,
         1.86000000e+01,   1.90000000e+01,   2.10000000e+01,
         1.90000000e+01,   1.80000000e+01,   1.96000000e+01,
         1.82000000e+01,   1.94000000e+01,   0.00000000e+00,
         2.00000000e+01,   1.84000000e+01,   1.88000000e+01,
         1.84000000e+01,   1.80000000e+01,   1.98000000e+01,
         1.72000000e+01,   1.82000000e+01,   1.92000000e+01,
         1.76000000e+01,   1.74000000e+01,   1.80000000e+01,
         1.94000000e+01,   1.92000000e+01,   1.98000000e+01,
         1.88000000e+01,   0.00000000e+00,   1.80000000e+01,
         1.90000000e+01,   1.94000000e+01,   1.88000000e+01,
         1.94000000e+01,   1.68000000e+01,   1.68000000e+01,
         1.88000000e+01,   1.76000000e+01,   1.84000000e+01,
         1.76000000e+01,   2.04000000e+01,   2.04000000e+01,
         1.86000000e+01,   2.04000000e+01,   2.08000000e+01,
         0.00000000e+00,   1.80000000e+01,   1.88000000e+01,
         1.90000000e+01,   1.84000000e+01,   1.86000000e+01,
         1.78000000e+01,   1.80000000e+01,   1.96000000e+01,
         1.82000000e+01,   1.76000000e+01,   1.98000000e+01,
         2.06000000e+01,   2.10000000e+01,   2.00000000e+01,
         1.98000000e+01,   2.08000000e+01,   0.00000000e+00,
         1.94000000e+01,   2.26000000e+01,   2.26000000e+01,
         2.12000000e+01,   2.24000000e+01,   2.18000000e+01,
         2.04000000e+01,   2.02000000e+01,   2.34000000e+01,
         1.88000000e+01,   1.92000000e+01,   2.10000000e+01,
         2.04000000e+01,   1.94000000e+01,   2.00000000e+01,
         1.94000000e+01,   0.00000000e+00,   1.86000000e+01,
         1.98000000e+01,   1.90000000e+01,   1.96000000e+01,
         1.90000000e+01,   1.86000000e+01,   1.88000000e+01,
         2.04000000e+01,   2.02000000e+01,   2.04000000e+01,
         2.08000000e+01,   2.08000000e+01,   2.00000000e+01,
         1.98000000e+01,   1.62000000e+01,   2.02000000e+01,
         0.00000000e+00,   1.76000000e+01,   2.10000000e+01,
         2.18000000e+01,   2.12000000e+01,   2.04000000e+01,
         2.00000000e+01,   2.32000000e+01,   1.88000000e+01,
         2.00000000e+01,   2.12000000e+01,   1.90000000e+01,
         1.94000000e+01,   2.04000000e+01,   1.62000000e+01,
         1.90000000e+01,   2.12000000e+01,   0.00000000e+00,
         2.00000000e+01,   2.18000000e+01,   2.18000000e+01,
         1.96000000e+01,   1.98000000e+01,   2.24000000e+01,
         1.84000000e+01,   2.00000000e+01,   2.06000000e+01,
         2.16000000e+01,   2.20000000e+01,   2.02000000e+01,
         1.76000000e+01,   1.98000000e+01,   1.78000000e+01,
         1.88000000e+01,   0.00000000e+00,   2.04000000e+01,
         2.04000000e+01,   1.92000000e+01,   2.04000000e+01,
         1.86000000e+01,   2.08000000e+01,   2.02000000e+01,
         2.02000000e+01,   2.06000000e+01,   2.20000000e+01,
         2.10000000e+01,   1.64000000e+01,   1.92000000e+01,
         1.70000000e+01,   1.70000000e+01,   1.84000000e+01,
         0.00000000e+00,   2.02000000e+01,   1.88000000e+01,
         1.90000000e+01,   1.90000000e+01,   1.92000000e+01,
         1.98000000e+01,   1.98000000e+01,   1.96000000e+01,
         2.00000000e+01,   2.08000000e+01,   1.70000000e+01,
         1.98000000e+01,   1.76000000e+01,   1.70000000e+01,
         1.84000000e+01,   1.86000000e+01,   0.00000000e+00,
         1.80000000e+01,   1.84000000e+01,   1.88000000e+01,
         2.02000000e+01,   1.98000000e+01,   1.78000000e+01,
         2.12000000e+01,   2.12000000e+01,   1.92000000e+01,
         1.84000000e+01,   2.02000000e+01,   1.84000000e+01,
         1.92000000e+01,   1.96000000e+01,   2.00000000e+01,
         2.08000000e+01,   0.00000000e+00,   2.02000000e+01,
         2.06000000e+01,   2.08000000e+01,   2.04000000e+01,
         1.98000000e+01,   2.14000000e+01,   2.04000000e+01,
         2.06000000e+01,   1.86000000e+01,   2.00000000e+01,
         1.88000000e+01,   1.90000000e+01,   1.84000000e+01,
         1.98000000e+01,   2.04000000e+01,   1.86000000e+01,
         0.00000000e+00,   1.94000000e+01,   2.04000000e+01,
         2.06000000e+01,   2.08000000e+01,   2.08000000e+01,
         2.12000000e+01,   2.12000000e+01,   1.54000000e+01,
         1.84000000e+01,   1.56000000e+01,   1.64000000e+01,
         2.02000000e+01,   1.98000000e+01,   2.00000000e+01,
         1.82000000e+01,   1.94000000e+01,   0.00000000e+00,
         2.06000000e+01,   1.90000000e+01,   1.92000000e+01,
         1.94000000e+01,   1.84000000e+01,   1.90000000e+01,
         2.00000000e+01,   1.86000000e+01,   2.00000000e+01,
         2.04000000e+01,   1.80000000e+01,   1.96000000e+01,
         1.86000000e+01,   1.80000000e+01,   1.84000000e+01,
         1.82000000e+01,   0.00000000e+00,   6.27613293e-01]), array([ 0.02808834,  0.        ,  0.        ,  0.10372031,  0.07126733,
        0.0397788 ,  0.03932108,  0.12181564,  0.08527221,  0.09133461,
        0.03914189,  0.08518674,  0.099199  ,  0.09929589,  0.09689797,
        0.07178371,  0.0688529 ,  0.01936184,  0.06650529,  0.10372031,
        0.07126733,  0.0397788 ,  0.03932108,  0.12181564,  0.08527221,
        0.09133461,  0.03914189,  0.08518674,  0.099199  ,  0.09929589,
        0.09689797,  0.07178371,  0.0688529 ,  0.01936184,  0.06650529,
        0.4       ,  0.4       ,  0.4       ,  0.4       ,  0.4       ,
        0.4       ,  0.4       ,  0.4       ,  0.4       ,  0.4       ,
        0.4       ,  0.4       ,  0.4       ,  0.4       ,  0.4       ,
        0.4       ,  0.        ,  0.01973534,  0.02552595,         nan,
        0.1142431 ,  0.07341387,  0.07482437,  0.14543836,  0.07890143,
        0.09780958,  0.09673775,  0.09281592,  0.09868   ,  0.07522505,
        0.06324957,  0.11437059,  0.04256221,  0.13833165,  0.05858387,
        0.18220756,         nan,  0.15091787,  0.08801831,  0.08902734,
        0.12719179,  0.11734116,  0.14305848,  0.11300562,  0.07793612,
        0.0509874 ,  0.06432352,  0.0996423 ,  0.07207538,  0.10553083,
        0.06657652,  0.07384111,  0.05843145,         nan,  0.1607272 ,
        0.06332824,  0.07106659,  0.0865482 ,  0.06386472,  0.02730096,
        0.10671821,  0.07385203,  0.09539283,  0.04898209,  0.0944391 ,
        0.07483315,  0.06808601,  0.12659337,  0.0540032 ,  0.0618128 ,
               nan,  0.13074857,  0.12067654,  0.08991707,  0.0843978 ,
        0.09977708,  0.0484156 ,  0.0725391 ,  0.09895882,  0.12739069,
        0.06647647,  0.06525909,  0.07134017,  0.10405395,  0.10682227,
        0.05511709,  0.1274221 ,         nan,  0.12026688,  0.05810897,
        0.1008473 ,  0.0873494 ,  0.11296907,  0.06549749,  0.06033814,
        0.10688839,  0.06915826,  0.06390151,  0.10686598,  0.10125907,
        0.02960875,  0.10861628,  0.11064364,  0.05361187,         nan,
        0.06848649,  0.10478636,  0.13943007,  0.05716947,  0.04486228,
        0.04763064,  0.08002567,  0.05168921,  0.0460486 ,  0.16023914,
        0.05948003,  0.05901791,  0.07310175,  0.13954749,  0.02936553,
        0.08840307,         nan,  0.07141865,  0.10360815,  0.09609587,
        0.05352105,  0.0638802 ,  0.10031645,  0.11317568,  0.12168449,
        0.10697574,  0.08487836,  0.05471457,  0.09391727,  0.09455333,
        0.05337836,  0.11775377,  0.05224772,         nan,  0.06238441,
        0.04992486,  0.06852584,  0.03240951,  0.07644475,  0.04150307,
        0.05052763,  0.16941614,  0.10441054,  0.02690989,  0.04855001,
        0.13331451,  0.06356046,  0.1050327 ,  0.04419602,  0.10817948,
               nan,  0.03991871,  0.08126538,  0.05102054,  0.09465961,
        0.06714064,  0.07290072,  0.17239754,  0.12926302,  0.11321977,
        0.06258614,  0.13783371,  0.1254982 ,  0.0735056 ,  0.09798012,
        0.08034736,  0.05318619,         nan,  0.13764112,  0.11491838,
        0.08331711,  0.09472593,  0.19587775,  0.10237669,  0.0872826 ,
        0.0770802 ,  0.05479262,  0.08541846,  0.09778642,  0.05635957,
        0.12748025,  0.06539438,  0.09987494,  0.10649517,         nan,
        0.17479211,  0.12626221,  0.08808498,  0.10396451,  0.08929761,
        0.0770101 ,  0.08635964,  0.13438974,  0.10641388,  0.04466667,
        0.05690841,  0.08777888,  0.05777842,  0.05524076,  0.15032088,
        0.11422253,         nan,  0.13521376,  0.11241946,  0.06394745,
        0.1150833 ,  0.06495297,  0.05535272,  0.07863616,  0.08458687,
        0.03624094,  0.08140079,  0.09897633,  0.05424135,  0.09446431,
        0.07111526,  0.06155209,  0.06142391,         nan,  0.10583862,
        0.09090244,  0.07458652,  0.0941415 ,  0.08787953,  0.12686944,
        0.15579774,  0.101211  ,  0.04762302,  0.11375563,  0.08116722,
        0.09905067,  0.06413262,  0.07997305,  0.03632416,  0.05204283,
               nan,  0.10200739,  0.11761524,  0.09622558,  0.10506752,
        0.04601599,  0.09368559,  0.11205561,  0.04738035,  0.15537791,
        0.03619308,  0.06935554,  0.10351134,  0.06772338,  0.06873022,
        0.10188385,  0.04927326,         nan,  0.0402797 ,  0.13279412,
        0.14759634,  0.1259571 ,  0.16746634,  0.11839241,  0.08117975,
        0.09818902,  0.0803246 ,  0.06538573,  0.07872245,  0.09010577,
        0.08373577,  0.07631174,  0.08945671,  0.06009628,         nan,
        0.        ,  3.49857114,  1.8547237 ,  2.05912603,  1.356466  ,
        2.13541565,  2.41660919,  1.74355958,  1.72046505,  2.63818119,
        3.92937654,  2.52982213,  3.03315018,  1.74355958,  2.03960781,
        3.86781592,  3.2       ,  0.        ,  2.87054002,  2.75680975,
        2.03960781,  2.31516738,  1.72046505,  3.2249031 ,  2.65329983,
        3.18747549,  3.72021505,  3.28633535,  3.74165739,  2.52982213,
        1.41421356,  3.13687743,  1.72046505,  3.00665928,  0.        ,
        2.96647939,  2.65329983,  3.24961536,  1.8547237 ,  3.03315018,
        3.31058907,  2.22710575,  3.12409987,  2.63818119,  2.93938769,
        2.8       ,  2.19089023,  3.00665928,  2.31516738,  3.12409987,
        3.05941171,  0.        ,  3.03315018,  4.69041576,  0.8       ,
        3.65513338,  4.92341345,  1.72046505,  3.31058907,  2.78567766,
        2.72763634,  3.2       ,  2.93938769,  2.87054002,  1.2       ,
        2.41660919,  2.41660919,  2.78567766,  0.        ,  1.78885438,
        3.31058907,  2.0976177 ,  2.24499443,  2.72763634,  2.92574777,
        2.44948974,  3.92937654,  3.05941171,  3.61109402,  1.72046505,
        2.41660919,  2.60768096,  3.52136337,  4.70744092,  1.93907194,
        0.        ,  1.49666295,  3.2       ,  1.49666295,  2.92574777,
        3.49857114,  4.4       ,  3.55527777,  2.31516738,  3.26190129,
        4.26145515,  2.22710575,  1.67332005,  1.8547237 ,  0.8       ,
        3.09838668,  1.49666295,  0.        ,  1.49666295,  1.46969385,
        2.0976177 ,  1.8547237 ,  1.41421356,  0.8       ,  1.6       ,
        1.0198039 ,  2.63818119,  1.8547237 ,  3.54400903,  3.31058907,
        3.63318042,  2.22710575,  2.92574777,  1.46969385,  0.        ,
        3.2       ,  2.75680975,  3.6       ,  4.26145515,  3.49857114,
        2.19089023,  3.18747549,  3.7094474 ,  2.        ,  2.92574777,
        3.57770876,  4.92341345,  2.41660919,  1.6       ,  1.54919334,
        3.37045991,  0.        ,  3.40587727,  3.18747549,  4.16653333,
        3.26190129,  2.92574777,  3.87814389,  4.02988834,  2.44948974,
        2.93938769,  2.05912603,  1.54919334,  2.63818119,  2.72763634,
        2.13541565,  2.56124969,  3.18747549,  0.        ,  2.41660919,
        1.8547237 ,  3.05941171,  2.15406592,  3.00665928,  2.78567766,
        3.86781592,  3.65513338,  3.13687743,  3.28633535,  3.03315018,
        3.2       ,  1.72046505,  3.34664011,  2.89827535,  2.41660919,
        0.        ,  3.76297754,  1.83303028,  2.36643191,  1.67332005,
        3.42928564,  2.31516738,  3.18747549,  2.57681975,  2.44948974,
        2.31516738,  4.04969135,  1.16619038,  3.92937654,  3.84707681,
        1.62480768,  3.38230691,  0.        ,  2.60768096,  2.8       ,
        3.18747549,  4.4       ,  2.85657137,  3.81575681,  2.85657137,
        2.63818119,  3.81575681,  3.26190129,  0.74833148,  3.2       ,
        2.92574777,  2.8       ,  1.78885438,  2.85657137,  0.        ,
        2.4       ,  1.74355958,  3.31058907,  1.8547237 ,  2.78567766,
        2.93938769,  3.00665928,  3.0724583 ,  2.15406592,  1.26491106,
        1.93907194,  2.68328157,  2.05912603,  2.48193473,  3.2       ,
        2.33238076,  0.        ,  2.4979992 ,  3.26190129,  1.95959179,
        1.32664992,  2.03960781,  2.71293199,  3.42928564,  3.00665928,
        1.0198039 ,  2.93938769,  3.55527777,  2.92574777,  1.72046505,
        3.40587727,  1.72046505,  2.41660919,  0.        ,  2.72763634,
        4.09878031,  3.48711915,  3.26190129,  3.13687743,  1.8973666 ,
        4.60434577,  3.00665928,  4.        ,  4.31740663,  3.03315018,
        3.72021505,  4.63033476,  3.57770876,  3.61109402,  3.05941171,
        0.        ,  0.01110423])]}
dataset: synthetic vowel
no prune
number of samples: 528
NONERECALL: 0.001000
CV: 5
{'alpha': [0.0, 0.0], 'perf': [array([   0.46785265,    0.        ,    0.        ,    0.77279425,
          0.80871518,    0.82012579,    0.78790656,    0.7804133 ,
          0.76149146,    0.78228212,    0.80679245,    0.79527403,
          0.86167116,    0.83899371,    0.77279425,    0.80871518,
          0.82012579,    0.78790656,    0.7804133 ,    0.76149146,
          0.78228212,    0.80679245,    0.79527403,    0.86167116,
          0.83899371,  105.6       ,  105.6       ,  105.6       ,
        105.6       ,  105.6       ,  105.6       ,  105.6       ,
        105.6       ,  105.6       ,  105.6       ,  105.6       ,
          0.        ,    0.80036713,    0.79604345,           nan,
          0.82686869,    0.90693365,    0.90907165,    0.94930955,
          0.89709566,    0.89883007,    0.92929423,    0.89036374,
          0.93581438,    0.89831888,    0.82374263,           nan,
          0.93368786,    0.91056422,    0.93229205,    0.90436728,
          0.9246929 ,    0.93767973,    0.912651  ,    0.95956806,
          0.91570469,    0.82579365,    0.80301587,           nan,
          0.90651804,    0.94139702,    0.91076147,    0.89587469,
          0.93393803,    0.87764303,    0.93283471,    0.91197832,
          0.78376893,    0.7408189 ,    0.75003788,           nan,
          0.93499455,    0.87540213,    0.90590782,    0.93506403,
          0.84308223,    0.93517097,    0.8669571 ,    0.8357489 ,
          0.81287853,    0.83570603,    0.78162272,           nan,
          0.8812657 ,    0.89945946,    0.91792859,    0.88840288,
          0.91780356,    0.88518479,    0.86552557,    0.82415933,
          0.84340196,    0.78014722,    0.81618848,           nan,
          0.9216797 ,    0.93718963,    0.88343737,    0.93904489,
          0.86642073,    0.83843339,    0.84928444,    0.86991189,
          0.83065464,    0.77068376,    0.79121363,           nan,
          0.93896967,    0.87660921,    0.94039742,    0.90391924,
          0.81729045,    0.81797623,    0.82327772,    0.86623342,
          0.79533034,    0.82557576,    0.81769192,           nan,
          0.84855837,    0.92302129,    0.87582032,    0.86013029,
          0.87747102,    0.85618673,    0.83299007,    0.86076973,
          0.80522178,    0.80368631,    0.80079696,           nan,
          0.94362126,    0.88720478,    0.88717707,    0.88930596,
          0.86616334,    0.88454454,    0.90429193,    0.88847294,
          0.86452217,    0.84918272,    0.83337596,           nan,
          0.89220925,    0.87439995,    0.86012925,    0.85636114,
          0.79774771,    0.87931316,    0.78080553,    0.87632629,
          0.88841899,    0.87659522,    0.90085117,           nan,
          0.        ,   60.2       ,   83.6       ,   70.4       ,
         68.        ,   54.        ,   56.4       ,   76.        ,
         53.2       ,   69.8       ,   52.6       ,   45.4       ,
          0.        ,   90.8       ,   78.4       ,   70.4       ,
         58.2       ,   61.        ,   76.8       ,   57.8       ,
         72.4       ,   56.4       ,   22.        ,   14.8       ,
          0.        ,   72.6       ,   68.4       ,   55.6       ,
         53.        ,   72.        ,   53.8       ,   68.2       ,
         56.2       ,   35.2       ,   27.2       ,   33.        ,
          0.        ,   78.2       ,   68.        ,   62.8       ,
         73.8       ,   56.6       ,   65.6       ,   58.        ,
         37.6       ,   35.2       ,   37.2       ,   27.4       ,
          0.        ,   70.6       ,   69.6       ,   74.4       ,
         60.2       ,   68.4       ,   59.4       ,   51.6       ,
         47.4       ,   50.        ,   37.6       ,   35.        ,
          0.        ,   73.6       ,   76.8       ,   63.4       ,
         71.        ,   70.4       ,   49.2       ,   44.6       ,
         52.6       ,   42.8       ,   36.        ,   32.        ,
          0.        ,   82.4       ,   67.        ,   75.6       ,
         58.        ,   29.6       ,   28.8       ,   33.6       ,
         31.8       ,   31.2       ,   28.8       ,   23.2       ,
          0.        ,   55.6       ,   72.8       ,   46.6       ,
         52.4       ,   47.8       ,   51.8       ,   49.        ,
         45.4       ,   42.2       ,   38.6       ,   50.        ,
          0.        ,   87.        ,   59.6       ,   35.8       ,
         33.2       ,   37.4       ,   40.        ,   37.2       ,
         34.6       ,   30.        ,   32.8       ,   18.6       ,
          0.        ,   52.        ,   53.        ,   49.2       ,
         49.4       ,   47.6       ,   46.2       ,   35.2       ,
         47.6       ,   59.        ,   46.        ,   53.6       ,
          0.        ,    0.8695898 ]), array([ 0.04048097,  0.        ,  0.        ,  0.02326759,  0.0306696 ,
        0.03534683,  0.02941197,  0.04186038,  0.03486452,  0.03283297,
        0.03799579,  0.04855739,  0.03927592,  0.01995734,  0.02326759,
        0.0306696 ,  0.03534683,  0.02941197,  0.04186038,  0.03486452,
        0.03283297,  0.03799579,  0.04855739,  0.03927592,  0.01995734,
        0.48989795,  0.48989795,  0.48989795,  0.48989795,  0.48989795,
        0.48989795,  0.48989795,  0.48989795,  0.48989795,  0.48989795,
        0.48989795,  0.        ,  0.01431731,  0.01402432,         nan,
        0.04068209,  0.03818706,  0.01736191,  0.03198586,  0.01902752,
        0.04706518,  0.02774905,  0.03350252,  0.01065322,  0.01952421,
        0.0432402 ,         nan,  0.0216998 ,  0.02447583,  0.02950333,
        0.01795492,  0.01924813,  0.02942173,  0.0212849 ,  0.02008418,
        0.01798194,  0.04141838,  0.10932546,         nan,  0.00710791,
        0.03588081,  0.02145077,  0.0312545 ,  0.02277083,  0.01158915,
        0.03172283,  0.01965419,  0.04932089,  0.04522337,  0.05898451,
               nan,  0.03218417,  0.02013027,  0.02552685,  0.03451799,
        0.03156252,  0.02000531,  0.03661115,  0.07328774,  0.05837332,
        0.06416293,  0.06973005,         nan,  0.02930157,  0.01569791,
        0.03531653,  0.03881018,  0.00658809,  0.07554724,  0.07538975,
        0.05280315,  0.05605032,  0.06458912,  0.01690285,         nan,
        0.03759502,  0.01940749,  0.04158898,  0.02637209,  0.06297334,
        0.03634195,  0.02942198,  0.05822041,  0.06270611,  0.08263485,
        0.05440814,         nan,  0.02145437,  0.0410515 ,  0.01192437,
        0.05104107,  0.0498487 ,  0.0504843 ,  0.04965595,  0.04586561,
        0.06976737,  0.01902451,  0.03410465,         nan,  0.04377793,
        0.01568481,  0.04326343,  0.04345832,  0.04605588,  0.05520382,
        0.04812649,  0.06927644,  0.04258135,  0.05373196,  0.02420319,
               nan,  0.0198573 ,  0.0439787 ,  0.054906  ,  0.04629711,
        0.05253678,  0.08137632,  0.03707116,  0.08548365,  0.04237284,
        0.0470542 ,  0.05160945,         nan,  0.04093051,  0.04457375,
        0.02032316,  0.02050752,  0.02773319,  0.0582676 ,  0.04081247,
        0.03469584,  0.01935803,  0.04063586,  0.02997553,         nan,
        0.        ,  1.93907194,  1.95959179,  1.8547237 ,  3.34664011,
        3.34664011,  2.72763634,  3.40587727,  2.22710575,  4.83321839,
        2.65329983,  2.05912603,  0.        ,  2.48193473,  1.356466  ,
        3.92937654,  3.05941171,  4.51663592,  3.31058907,  3.31058907,
        4.12795349,  4.45421149,  1.8973666 ,  2.03960781,  0.        ,
        4.22374242,  3.2       ,  3.13687743,  3.89871774,  5.21536192,
        2.48193473,  5.87877538,  4.16653333,  2.03960781,  1.16619038,
        4.19523539,  0.        ,  3.18747549,  4.5607017 ,  4.11825206,
        3.48711915,  2.33238076,  5.27636238,  2.44948974,  3.38230691,
        3.86781592,  3.05941171,  3.2       ,  0.        ,  2.24499443,
        1.95959179,  4.8       ,  2.92574777,  5.23832034,  3.77359245,
        3.26190129,  2.8       ,  3.16227766,  4.67332858,  2.44948974,
        0.        ,  3.38230691,  3.76297754,  1.49666295,  4.28952212,
        5.08330601,  2.48193473,  4.40908154,  3.77359245,  3.96988665,
        1.67332005,  3.03315018,  0.        ,  4.12795349,  4.5607017 ,
        4.45421149,  3.68781778,  3.0724583 ,  3.05941171,  4.92341345,
        3.31058907,  4.53431362,  3.65513338,  4.16653333,  0.        ,
        6.34350061,  6.11228272,  1.49666295,  2.33238076,  3.31058907,
        2.48193473,  2.0976177 ,  2.93938769,  1.32664992,  4.49888875,
        6.29285309,  0.        ,  2.44948974,  2.24499443,  4.53431362,
        3.96988665,  5.67802783,  4.93963561,  4.95580468,  4.02988834,
        4.19523539,  5.70613705,  2.24499443,  0.        ,  3.57770876,
        2.44948974,  4.26145515,  3.97994975,  2.33238076,  4.01995025,
        5.15363949,  3.97994975,  1.78885438,  2.60768096,  3.87814389,
        0.        ,  0.00707652])]}
dataset: synthetic authorship
no prune
number of samples: 841
NONERECALL: 0.001000
CV: 5
{'alpha': [0.0, 0.0], 'perf': [array([   0.70517751,    0.        ,    0.        ,    0.90251479,
          0.87757819,    0.95954494,    0.92991688,    0.90251479,
          0.87757819,    0.95954494,    0.92991688,  168.2       ,
        168.2       ,  168.2       ,  168.2       ,    0.        ,
          0.91647066,    0.87282333,           nan,    0.85021532,
          0.98205779,    0.95661986,    0.84221606,           nan,
          0.98216404,    0.91082342,    0.79761905,    0.79385281,
                 nan,    0.67582432,    0.89721168,    0.88057731,
          0.96769792,           nan,    0.        ,   88.8       ,
        155.6       ,  123.2       ,   79.4       ,    0.        ,
        156.6       ,  114.4       ,   12.6       ,   11.6       ,
          0.        ,   15.8       ,   45.        ,   53.8       ,
        152.4       ,    0.        ,    0.87001883]), array([ 0.0498534 ,  0.        ,  0.        ,  0.03134204,  0.03695943,
        0.01899829,  0.03512994,  0.03134204,  0.03695943,  0.01899829,
        0.03512994,  0.4       ,  0.4       ,  0.4       ,  0.4       ,
        0.        ,  0.01598074,  0.02589324,         nan,  0.0498318 ,
        0.01275076,  0.01552071,  0.04669868,         nan,  0.01266803,
        0.02685995,  0.08972116,  0.08540958,         nan,  0.15901311,
        0.06063747,  0.02953008,  0.01964274,         nan,  0.        ,
        4.70744092,  2.93938769,  3.76297754,  4.7581509 ,  0.        ,
        3.00665928,  6.8       ,  3.32264955,  3.38230691,  0.        ,
        4.26145515,  4.        ,  7.02566723,  4.12795349,  0.        ,
        0.01688903])]}
dataset: synthetic segment
no prune
number of samples: 2310
NONERECALL: 0.001000
CV: 5
{'alpha': [0.0, 0.0], 'perf': [array([   0.84285714,    0.        ,    0.        ,    0.93593074,
          0.96839827,    0.94285714,    0.96103896,    0.94155844,
          0.94935065,    0.95064935,    0.93593074,    0.96839827,
          0.94285714,    0.96103896,    0.94155844,    0.94935065,
          0.95064935,  462.        ,  462.        ,  462.        ,
        462.        ,  462.        ,  462.        ,  462.        ,
          0.        ,    0.94986032,    0.9560503 ,           nan,
          0.99089694,    0.95624502,    0.97102068,    0.9251276 ,
          0.97906517,    0.9792871 ,    0.95957425,           nan,
          0.96822763,    0.98512302,    0.96532339,    0.93413558,
          0.95797527,    0.93942305,    0.99274585,           nan,
          0.96637714,    0.94997548,    0.98246388,    0.99452678,
          0.96482121,    0.99647928,    0.97035064,           nan,
          0.97078463,    0.99247043,    0.99232699,    0.93532186,
          0.99039636,    0.97573429,    0.98101538,           nan,
          0.98184044,    0.99342155,    0.95353815,    0.98202111,
          0.96008634,    0.96346477,    0.96066741,           nan,
          0.96074845,    0.93906843,    0.96500755,    0.97415884,
          0.97547281,    0.96850816,    0.96182757,           nan,
          0.        ,  372.        ,  235.8       ,  240.4       ,
        185.2       ,  295.6       ,  354.8       ,   90.        ,
          0.        ,   75.8       ,   65.6       ,   88.6       ,
         86.8       ,  181.8       ,  226.2       ,  386.2       ,
          0.        ,  228.        ,  157.2       ,  318.6       ,
        362.6       ,  221.6       ,  396.4       ,  234.        ,
          0.        ,  212.2       ,  397.2       ,  336.8       ,
        276.8       ,  373.4       ,  304.8       ,  249.8       ,
          0.        ,  306.8       ,  362.2       ,  166.4       ,
        375.2       ,  143.4       ,   64.8       ,  155.2       ,
          0.        ,  223.        ,  107.2       ,  280.2       ,
         99.4       ,  125.2       ,   99.8       ,  239.        ,
          0.        ,    0.96897136]), array([  1.88994632e-02,   0.00000000e+00,   0.00000000e+00,
         1.74023820e-02,   2.20736775e-03,   7.44790066e-03,
         9.38505774e-03,   4.93582435e-03,   1.45263738e-02,
         1.12387489e-02,   1.74023820e-02,   2.20736775e-03,
         7.44790066e-03,   9.38505774e-03,   4.93582435e-03,
         1.45263738e-02,   1.12387489e-02,   0.00000000e+00,
         0.00000000e+00,   0.00000000e+00,   0.00000000e+00,
         0.00000000e+00,   0.00000000e+00,   0.00000000e+00,
         0.00000000e+00,   4.77369718e-03,   2.83069782e-03,
                    nan,   3.95134663e-03,   8.76556879e-03,
         1.64951240e-02,   4.01404734e-02,   6.94584213e-03,
         7.13207405e-03,   1.21927855e-02,              nan,
         1.32697956e-02,   1.11123493e-03,   1.33847530e-02,
         1.32247251e-02,   1.08161369e-02,   1.28520388e-02,
         3.07337280e-03,              nan,   1.45203779e-02,
         6.91845804e-03,   6.57911149e-03,   1.68519755e-03,
         1.17472127e-02,   1.25056889e-03,   8.38417414e-03,
                    nan,   1.26811178e-02,   3.94051723e-03,
         3.52573176e-03,   1.13494386e-02,   5.13796276e-03,
         7.87022873e-03,   7.92738109e-03,              nan,
         7.55111225e-03,   2.16641729e-03,   1.48210350e-02,
         5.40943358e-03,   9.37026728e-03,   1.95064048e-02,
         1.11193618e-02,              nan,   2.57042345e-02,
         1.51929403e-02,   1.07451026e-02,   1.01188535e-02,
         1.01726282e-02,   1.27394012e-02,   9.93486092e-03,
                    nan,   0.00000000e+00,   9.85900604e+00,
         2.48193473e+00,   5.88557559e+00,   1.01469207e+01,
         8.47584804e+00,   5.49181209e+00,   9.85900604e+00,
         0.00000000e+00,   8.03492377e+00,   5.12249939e+00,
         9.11262860e+00,   5.91269820e+00,   1.37753403e+01,
         2.48193473e+00,   8.03492377e+00,   0.00000000e+00,
         7.48331477e+00,   8.68101377e+00,   7.49933330e+00,
         5.31413210e+00,   5.88557559e+00,   5.12249939e+00,
         7.48331477e+00,   0.00000000e+00,   8.54166260e+00,
         3.60000000e+00,   8.90842298e+00,   1.01469207e+01,
         9.11262860e+00,   8.68101377e+00,   8.54166260e+00,
         0.00000000e+00,   8.08455317e+00,   5.30659966e+00,
         8.47584804e+00,   5.91269820e+00,   7.49933330e+00,
         3.60000000e+00,   8.08455317e+00,   0.00000000e+00,
         1.67332005e+00,   5.49181209e+00,   1.37753403e+01,
         5.31413210e+00,   8.90842298e+00,   5.30659966e+00,
         1.67332005e+00,   0.00000000e+00,   1.97064307e-03])]}
dataset: synthetic cpu
no prune
number of samples: 8192
NONERECALL: 0.001000
CV: 5
{'alpha': [0.0, 0.0], 'perf': [array([  1.40015838e-01,   0.00000000e+00,   0.00000000e+00,
         6.85304628e-01,   7.05687824e-01,   6.71385810e-01,
         6.81153522e-01,   7.06785161e-01,   6.85304628e-01,
         7.05687824e-01,   6.71385810e-01,   6.81153522e-01,
         7.06785161e-01,   1.63840000e+03,   1.63840000e+03,
         1.63840000e+03,   1.63840000e+03,   1.63840000e+03,
         0.00000000e+00,   6.89795908e-01,   3.69578565e-01,
                    nan,   6.93905656e-01,   7.13273782e-01,
         6.82158976e-01,   7.48587659e-01,   5.99177979e-01,
                    nan,   5.65368293e-01,   6.17385205e-01,
         6.98899745e-01,   6.09476682e-01,   7.00643074e-01,
                    nan,   5.07111045e-01,   7.45178557e-01,
         8.39104548e-01,   7.19928132e-01,   7.47278970e-01,
                    nan,   7.85078310e-01,   5.61782226e-01,
         6.60060737e-01,   5.83263339e-01,   4.85107741e-01,
                    nan,   0.00000000e+00,   9.43600000e+02,
         9.47200000e+02,   5.25400000e+02,   1.02400000e+03,
         6.94800000e+02,   0.00000000e+00,   6.48400000e+02,
         6.57600000e+02,   8.42600000e+02,   6.91200000e+02,
         9.90000000e+02,   0.00000000e+00,   5.29800000e+02,
         1.00600000e+03,   1.11300000e+03,   9.80800000e+02,
         1.10860000e+03,   0.00000000e+00,   1.15080000e+03,
         6.14400000e+02,   7.95800000e+02,   6.32400000e+02,
         4.87600000e+02,   0.00000000e+00,   6.56436011e-01]), array([  4.02645251e-03,   0.00000000e+00,   0.00000000e+00,
         9.71707416e-03,   1.36362141e-02,   1.52892777e-02,
         6.38446736e-03,   1.83394529e-02,   9.71707416e-03,
         1.36362141e-02,   1.52892777e-02,   6.38446736e-03,
         1.83394529e-02,   4.89897949e-01,   4.89897949e-01,
         4.89897949e-01,   4.89897949e-01,   4.89897949e-01,
         0.00000000e+00,   1.48466471e-03,   9.35216809e-03,
                    nan,   6.85606175e-03,   6.39457717e-03,
         9.67488809e-03,   1.00411240e-02,   1.17014256e-02,
                    nan,   1.13826607e-02,   6.06778548e-03,
         1.02173774e-02,   1.23978849e-02,   1.11925242e-02,
                    nan,   2.01752357e-02,   9.03133222e-03,
         2.37282461e-03,   1.06092721e-02,   9.01607937e-03,
                    nan,   8.88298283e-03,   2.33458970e-02,
         1.31918164e-02,   1.28503701e-02,   2.55220280e-02,
                    nan,   0.00000000e+00,   3.00772339e+01,
         2.03017241e+01,   4.92341345e+00,   1.87723200e+01,
         2.99626434e+01,   0.00000000e+00,   2.62876397e+01,
         1.22245654e+01,   3.21284920e+01,   2.05075596e+01,
         2.64272587e+01,   0.00000000e+00,   2.09131538e+01,
         2.16979262e+01,   5.29150262e+00,   1.22049170e+01,
         2.07615028e+01,   0.00000000e+00,   1.99739831e+01,
         1.86826122e+01,   3.20711709e+01,   2.14997674e+01,
         1.96529896e+01,   0.00000000e+00,   5.64685563e-03])]}
dataset: synthetic calhousing
no prune
number of samples: 20640
NONERECALL: 0.001000
CV: 5
{'alpha': [0.0, 0.0], 'perf': [array([  2.30959302e-01,   0.00000000e+00,   0.00000000e+00,
         6.96753876e-01,   7.28488372e-01,   6.99563953e-01,
         8.06443798e-01,   6.96753876e-01,   7.28488372e-01,
         6.99563953e-01,   8.06443798e-01,   4.12800000e+03,
         4.12800000e+03,   4.12800000e+03,   4.12800000e+03,
         0.00000000e+00,   7.31493359e-01,   3.38081395e-01,
                    nan,   6.36459802e-01,   5.06807451e-01,
         7.00117881e-01,   6.87216192e-01,              nan,
         6.90990902e-01,   7.00909193e-01,   6.61411526e-01,
         6.58769476e-01,              nan,   6.99558435e-01,
         6.78427056e-01,   6.86904798e-01,   6.78302407e-01,
                    nan,   0.00000000e+00,   1.90580000e+03,
         1.60060000e+03,   2.12220000e+03,   2.22220000e+03,
         0.00000000e+00,   2.13700000e+03,   2.11000000e+03,
         2.52740000e+03,   1.99100000e+03,   0.00000000e+00,
         2.11780000e+03,   2.00580000e+03,   2.01800000e+03,
         2.01020000e+03,   0.00000000e+00,   6.63175586e-01]), array([  6.39388050e-03,   0.00000000e+00,   0.00000000e+00,
         4.10365643e-03,   9.99448687e-03,   5.05921608e-03,
         6.90470723e-03,   4.10365643e-03,   9.99448687e-03,
         5.05921608e-03,   6.90470723e-03,   0.00000000e+00,
         0.00000000e+00,   0.00000000e+00,   0.00000000e+00,
         0.00000000e+00,   2.91520986e-03,   5.01671243e-03,
                    nan,   6.85404077e-03,   8.01805757e-03,
         5.70910809e-03,   1.11492663e-02,              nan,
         8.76988732e-03,   9.81835565e-03,   4.18102762e-03,
         3.80976203e-03,              nan,   5.62008697e-03,
         4.97883417e-03,   1.07883621e-02,   7.10050125e-03,
                    nan,   0.00000000e+00,   3.55606524e+01,
         1.25634390e+01,   3.79757818e+01,   3.55606524e+01,
         0.00000000e+00,   2.71514272e+01,   4.00749298e+01,
         1.25634390e+01,   2.71514272e+01,   0.00000000e+00,
         4.24282924e+01,   3.79757818e+01,   4.00749298e+01,
         4.24282924e+01,   0.00000000e+00,   2.04618120e-03])]}
dataset: synthetic elevators
no prune
number of samples: 16599
NONERECALL: 0.001000
CV: 5
{'alpha': [0.0, 0.0], 'perf': [array([  5.40634645e-01,   0.00000000e+00,   0.00000000e+00,
         7.79927598e-01,   7.58600028e-01,   7.67697049e-01,
         7.67153955e-01,   8.13361624e-01,   8.49990671e-01,
         8.15952221e-01,   8.49990671e-01,   7.70467843e-01,
         7.79927598e-01,   7.58600028e-01,   7.67697049e-01,
         7.67153955e-01,   8.13361624e-01,   8.49990671e-01,
         8.15952221e-01,   8.49990671e-01,   7.70467843e-01,
         3.31980000e+03,   3.31980000e+03,   3.31980000e+03,
         3.31980000e+03,   3.31980000e+03,   3.31980000e+03,
         3.31980000e+03,   3.31980000e+03,   3.31980000e+03,
         0.00000000e+00,   7.96273118e-01,   7.14601153e-01,
                    nan,   6.49452383e-01,   6.49391474e-01,
         6.38204300e-01,   8.56190659e-01,   8.85394879e-01,
         8.64979965e-01,   8.85394879e-01,   6.38268635e-01,
         8.26234086e-01,              nan,   8.72343447e-01,
         7.26174368e-01,   8.54569869e-01,   9.06278928e-01,
         8.80460351e-01,   9.06278928e-01,   7.25862709e-01,
         8.25760588e-01,   9.26622153e-01,              nan,
         7.25837560e-01,   8.54569869e-01,   9.06278928e-01,
         8.80460351e-01,   9.06278928e-01,   7.25862709e-01,
         8.10198390e-01,   8.93059078e-01,   8.93328718e-01,
                    nan,   8.56280649e-01,   9.13939884e-01,
         8.80258989e-01,   9.13939884e-01,   8.99083299e-01,
         8.06025959e-01,   8.03593969e-01,   8.03593969e-01,
         8.06845362e-01,              nan,   8.85403753e-01,
         8.54223300e-01,   8.85669266e-01,   8.06845362e-01,
         8.51090437e-01,   8.77966863e-01,   8.77966863e-01,
         8.88853479e-01,   3.16792656e-01,              nan,
         1.65122440e-01,   9.99638699e-01,   8.88853479e-01,
         8.23217191e-01,   8.43449431e-01,   8.43449431e-01,
         8.43892022e-01,   2.17492319e-01,   9.41224264e-01,
                    nan,   9.41475174e-01,   8.43892022e-01,
         8.51090437e-01,   8.77966863e-01,   8.77966863e-01,
         8.88853479e-01,   3.16638039e-01,   3.33333333e-01,
         1.64942980e-01,              nan,   8.88853479e-01,
         8.10271054e-01,   8.92957653e-01,   8.92957653e-01,
         9.16325756e-01,   8.56280649e-01,   9.13939884e-01,
         8.80258989e-01,   9.13939884e-01,              nan,
         0.00000000e+00,   1.08280000e+03,   1.08320000e+03,
         1.12980000e+03,   1.99000000e+03,   1.96880000e+03,
         1.97880000e+03,   1.96880000e+03,   1.13000000e+03,
         2.23700000e+03,   0.00000000e+00,   1.29100000e+03,
         9.39600000e+02,   1.99120000e+03,   1.98660000e+03,
         1.99200000e+03,   1.98660000e+03,   9.40000000e+02,
         2.23660000e+03,   2.02880000e+03,   0.00000000e+00,
         9.39200000e+02,   1.99120000e+03,   1.98660000e+03,
         1.99200000e+03,   1.98660000e+03,   9.40000000e+02,
         2.19000000e+03,   2.38020000e+03,   2.38060000e+03,
         0.00000000e+00,   1.99540000e+03,   1.98520000e+03,
         1.99200000e+03,   1.98520000e+03,   1.64560000e+03,
         1.32980000e+03,   1.32860000e+03,   1.32860000e+03,
         1.32440000e+03,   0.00000000e+00,   2.90560000e+03,
         2.84420000e+03,   2.90540000e+03,   1.32440000e+03,
         1.35100000e+03,   1.33320000e+03,   1.33320000e+03,
         1.33460000e+03,   4.14200000e+02,   0.00000000e+00,
         1.84800000e+02,   3.31940000e+03,   1.33460000e+03,
         1.34100000e+03,   1.32780000e+03,   1.32780000e+03,
         1.32780000e+03,   4.75600000e+02,   3.13500000e+03,
         0.00000000e+00,   3.13480000e+03,   1.32780000e+03,
         1.35100000e+03,   1.33320000e+03,   1.33320000e+03,
         1.33460000e+03,   4.14400000e+02,   4.00000000e-01,
         1.85000000e+02,   0.00000000e+00,   1.33460000e+03,
         2.18980000e+03,   2.37980000e+03,   2.37980000e+03,
         1.67420000e+03,   1.99540000e+03,   1.98520000e+03,
         1.99200000e+03,   1.98520000e+03,   0.00000000e+00,
         7.68157757e-01]), array([  6.35093668e-03,   0.00000000e+00,   0.00000000e+00,
         9.73107533e-03,   2.22231159e-03,   3.84248746e-03,
         6.52248367e-03,   7.23241371e-03,   3.44738067e-03,
         1.05804963e-02,   3.44738067e-03,   4.64791397e-03,
         9.73107533e-03,   2.22231159e-03,   3.84248746e-03,
         6.52248367e-03,   7.23241371e-03,   3.44738067e-03,
         1.05804963e-02,   3.44738067e-03,   4.64791397e-03,
         4.00000000e-01,   4.00000000e-01,   4.00000000e-01,
         4.00000000e-01,   4.00000000e-01,   4.00000000e-01,
         4.00000000e-01,   4.00000000e-01,   4.00000000e-01,
         0.00000000e+00,   2.05462338e-03,   3.70084026e-03,
                    nan,   2.10238349e-02,   2.09612573e-02,
         1.52912607e-02,   8.73760200e-03,   6.14735733e-03,
         9.37557201e-03,   6.14735733e-03,   1.53211663e-02,
         7.99379187e-03,              nan,   7.83825757e-03,
         1.01812541e-02,   8.84158423e-03,   2.83423531e-03,
         8.49417403e-03,   2.83423531e-03,   1.00332816e-02,
         8.51048761e-03,   5.92147102e-03,              nan,
         9.78543685e-03,   8.84158423e-03,   2.83423531e-03,
         8.49417403e-03,   2.83423531e-03,   1.00332816e-02,
         9.98825339e-03,   3.76855752e-03,   3.60541002e-03,
                    nan,   9.25352814e-03,   2.64916289e-03,
         8.32276161e-03,   2.64916289e-03,   1.05683678e-02,
         1.30376746e-02,   1.34076536e-02,   1.34076536e-02,
         1.35998408e-02,              nan,   6.49261353e-03,
         6.04843757e-03,   6.55463716e-03,   1.35998408e-02,
         5.98755649e-03,   1.11072193e-02,   1.11072193e-02,
         1.20663460e-02,   2.07356253e-02,              nan,
         1.84145277e-02,   1.20463784e-04,   1.20663460e-02,
         1.16679669e-02,   1.28074402e-02,   1.28074402e-02,
         1.31063924e-02,   3.50392545e-02,   3.70540403e-03,
                    nan,   3.79786956e-03,   1.31063924e-02,
         5.98755649e-03,   1.11072193e-02,   1.11072193e-02,
         1.20663460e-02,   2.06615811e-02,   0.00000000e+00,
         1.82954065e-02,              nan,   1.20663460e-02,
         9.96551251e-03,   3.70507521e-03,   3.70507521e-03,
         4.09709262e-03,   9.25352814e-03,   2.64916289e-03,
         8.32276161e-03,   2.64916289e-03,              nan,
         0.00000000e+00,   2.61640975e+01,   2.60261407e+01,
         2.58874487e+01,   1.94010309e+01,   1.76113600e+01,
         1.46615142e+01,   1.76113600e+01,   2.56593063e+01,
         2.58843582e+01,   0.00000000e+00,   1.10272390e+01,
         1.70011764e+01,   1.89145447e+01,   1.77380946e+01,
         1.82756669e+01,   1.77380946e+01,   1.69115345e+01,
         2.57417948e+01,   1.12142766e+01,   0.00000000e+00,
         1.71043854e+01,   1.89145447e+01,   1.77380946e+01,
         1.82756669e+01,   1.77380946e+01,   1.69115345e+01,
         2.56982490e+01,   1.67618615e+01,   1.68712774e+01,
         0.00000000e+00,   2.00658915e+01,   1.89673404e+01,
         1.81548891e+01,   1.89673404e+01,   2.15925913e+01,
         1.92187409e+01,   1.87467330e+01,   1.87467330e+01,
         1.99158229e+01,   0.00000000e+00,   1.02097992e+01,
         1.77696370e+01,   1.03266645e+01,   1.99158229e+01,
         1.79108905e+01,   1.80044439e+01,   1.80044439e+01,
         1.92312246e+01,   1.03614671e+01,   0.00000000e+00,
         8.40000000e+00,   4.89897949e-01,   1.92312246e+01,
         1.48323970e+01,   1.84542678e+01,   1.84542678e+01,
         1.83455717e+01,   1.77380946e+01,   8.31865374e+00,
         0.00000000e+00,   8.56504524e+00,   1.83455717e+01,
         1.79108905e+01,   1.80044439e+01,   1.80044439e+01,
         1.92312246e+01,   1.04804580e+01,   4.89897949e-01,
         8.64869932e+00,   0.00000000e+00,   1.92312246e+01,
         2.54668412e+01,   1.66661333e+01,   1.66661333e+01,
         2.18668699e+01,   2.00658915e+01,   1.89673404e+01,
         1.81548891e+01,   1.89673404e+01,   0.00000000e+00,
         3.16771622e-03])]}
dataset: synthetic pendigits
no prune
number of samples: 10992
NONERECALL: 0.001000
CV: 5
{'alpha': [0.0, 0.0], 'perf': [array([  6.98415485e-01,   0.00000000e+00,   0.00000000e+00,
         8.97106882e-01,   8.86644645e-01,   9.01836760e-01,
         9.05749532e-01,   9.07205442e-01,   9.04020398e-01,
         8.87007743e-01,   8.81731211e-01,   8.98290066e-01,
         8.98563414e-01,   8.97106882e-01,   8.86644645e-01,
         9.01836760e-01,   9.05749532e-01,   9.07205442e-01,
         9.04020398e-01,   8.87007743e-01,   8.81731211e-01,
         8.98290066e-01,   8.98563414e-01,   2.19840000e+03,
         2.19840000e+03,   2.19840000e+03,   2.19840000e+03,
         2.19840000e+03,   2.19840000e+03,   2.19840000e+03,
         2.19840000e+03,   2.19840000e+03,   2.19840000e+03,
         0.00000000e+00,   8.96748851e-01,   9.36353314e-01,
                    nan,   9.71130111e-01,   9.89027152e-01,
         9.79452209e-01,   9.85268813e-01,   9.16152006e-01,
         9.69132730e-01,   9.68782543e-01,   9.09860783e-01,
         9.50776624e-01,   9.68041503e-01,              nan,
         9.85457879e-01,   9.78377120e-01,   9.86437835e-01,
         9.34830139e-01,   9.75947956e-01,   9.64923267e-01,
         9.67980992e-01,   9.27445323e-01,   9.33850688e-01,
         9.50497332e-01,              nan,   9.37837460e-01,
         9.41041706e-01,   9.47636812e-01,   9.44564885e-01,
         9.02443463e-01,   9.35845522e-01,   9.60392970e-01,
         9.30612030e-01,   8.88678150e-01,   9.54377572e-01,
                    nan,   9.43594508e-01,   9.05870792e-01,
         9.51732769e-01,   9.43993199e-01,   9.19205155e-01,
         8.96566439e-01,   9.30565453e-01,   9.25086355e-01,
         9.53997864e-01,   9.51032990e-01,              nan,
         9.45611316e-01,   9.41701622e-01,   9.29611991e-01,
         9.21721680e-01,   9.24876267e-01,   9.85796409e-01,
         9.64423064e-01,   9.90998819e-01,   9.84455052e-01,
         9.93846220e-01,              nan,   9.95385405e-01,
         9.71558628e-01,   9.64815141e-01,   9.76232761e-01,
         8.59488687e-01,   9.66795478e-01,   9.59127762e-01,
         9.69095546e-01,   9.65586033e-01,   9.51749831e-01,
                    nan,   9.06040669e-01,   9.52433547e-01,
         9.09653446e-01,   9.67793443e-01,   9.52591628e-01,
         9.73905421e-01,   9.80905001e-01,   9.80719689e-01,
         9.03179181e-01,   9.69210554e-01,              nan,
         9.40145227e-01,   9.49089660e-01,   9.80860643e-01,
         9.67132126e-01,   9.91989378e-01,   9.83328200e-01,
         9.90325457e-01,   8.80388048e-01,   9.95072855e-01,
         9.63544214e-01,              nan,   9.82522222e-01,
         9.70337464e-01,   9.59888101e-01,   9.88700506e-01,
         9.86764600e-01,   9.89805407e-01,   9.58883243e-01,
         9.70975969e-01,   9.71461751e-01,   9.72879099e-01,
                    nan,   0.00000000e+00,   1.03760000e+03,
         1.74800000e+03,   1.70160000e+03,   1.76500000e+03,
         2.85600000e+02,   1.80460000e+03,   1.19600000e+03,
         3.50400000e+02,   8.08400000e+02,   1.16080000e+03,
         0.00000000e+00,   1.70260000e+03,   1.81940000e+03,
         1.82720000e+03,   8.29200000e+02,   1.32200000e+03,
         1.26400000e+03,   1.03860000e+03,   7.89800000e+02,
         4.50400000e+02,   4.95800000e+02,   0.00000000e+00,
         1.00000000e+03,   1.01220000e+03,   2.91200000e+02,
         9.37200000e+02,   4.85000000e+02,   3.02200000e+02,
         4.31800000e+02,   4.96800000e+02,   3.79000000e+02,
         1.19840000e+03,   0.00000000e+00,   9.95800000e+02,
         3.09600000e+02,   8.02600000e+02,   6.08200000e+02,
         3.66200000e+02,   2.35000000e+02,   4.33400000e+02,
         3.71200000e+02,   1.18620000e+03,   1.20260000e+03,
         0.00000000e+00,   2.47800000e+02,   7.58400000e+02,
         4.78200000e+02,   2.77800000e+02,   2.75600000e+02,
         1.91280000e+03,   1.36920000e+03,   1.90720000e+03,
         1.88880000e+03,   1.95060000e+03,   0.00000000e+00,
         1.99160000e+03,   1.68640000e+03,   1.57280000e+03,
         1.37840000e+03,   3.93800000e+02,   8.76400000e+02,
         1.26120000e+03,   1.39580000e+03,   1.44000000e+03,
         2.06800000e+02,   0.00000000e+00,   5.71400000e+02,
         2.13000000e+02,   5.73600000e+02,   1.00240000e+03,
         9.34400000e+02,   1.71340000e+03,   1.59020000e+03,
         1.72020000e+03,   5.12000000e+02,   1.62700000e+03,
         0.00000000e+00,   7.02800000e+02,   7.77200000e+02,
         1.84800000e+03,   1.15980000e+03,   1.89620000e+03,
         1.83220000e+03,   1.92060000e+03,   6.25600000e+02,
         1.98540000e+03,   1.49560000e+03,   0.00000000e+00,
         1.30380000e+03,   1.39000000e+03,   1.40860000e+03,
         1.76660000e+03,   1.96340000e+03,   1.92280000e+03,
         8.20000000e+02,   1.62480000e+03,   1.42120000e+03,
         8.94600000e+02,   0.00000000e+00,   9.54307734e-01]), array([  1.10218739e-02,   0.00000000e+00,   0.00000000e+00,
         1.01580778e-02,   1.11502622e-02,   9.88190009e-03,
         2.63138020e-03,   3.59946641e-03,   7.37261042e-03,
         6.94748201e-03,   5.82352260e-03,   6.48266054e-03,
         4.16861634e-03,   1.01580778e-02,   1.11502622e-02,
         9.88190009e-03,   2.63138020e-03,   3.59946641e-03,
         7.37261042e-03,   6.94748201e-03,   5.82352260e-03,
         6.48266054e-03,   4.16861634e-03,   4.89897949e-01,
         4.89897949e-01,   4.89897949e-01,   4.89897949e-01,
         4.89897949e-01,   4.89897949e-01,   4.89897949e-01,
         4.89897949e-01,   4.89897949e-01,   4.89897949e-01,
         0.00000000e+00,   2.14986706e-03,   2.87307132e-03,
                    nan,   3.50881818e-03,   2.30731501e-03,
         2.77522783e-03,   3.20367970e-03,   1.69040674e-02,
         4.75379709e-03,   4.47646210e-03,   1.31409421e-02,
         7.91320088e-03,   5.81686977e-03,              nan,
         1.33385265e-03,   5.56562703e-03,   2.50309951e-03,
         4.13417717e-03,   6.37303716e-03,   2.87882057e-03,
         7.59962084e-03,   9.59624987e-03,   1.41498333e-02,
         1.05720537e-02,              nan,   8.27890859e-03,
         1.18807873e-02,   1.13683925e-02,   9.78662705e-03,
         1.98941119e-02,   1.45850295e-02,   9.22689071e-03,
         1.00953696e-02,   1.60937451e-02,   4.74042882e-03,
                    nan,   5.56188823e-03,   1.76900045e-02,
         4.81509322e-03,   6.47166718e-03,   8.36791909e-03,
         1.72860315e-02,   1.66860578e-02,   1.26585414e-02,
         5.13035132e-03,   3.87307799e-03,              nan,
         8.03424254e-03,   1.21101813e-02,   5.36578988e-03,
         1.44163961e-02,   1.70209631e-02,   1.32086392e-03,
         4.33086977e-03,   3.20280908e-03,   3.06827040e-03,
         1.98426097e-03,              nan,   1.53774444e-03,
         4.55555175e-03,   4.52638143e-03,   9.72989844e-04,
         2.20564157e-02,   3.93510510e-03,   8.44017543e-03,
         3.55857415e-03,   8.28063387e-03,   2.06195905e-02,
                    nan,   8.42116318e-03,   9.58772735e-03,
         1.55476293e-02,   5.40707705e-03,   2.51877659e-03,
         4.27919298e-03,   3.98433754e-03,   1.55744635e-03,
         1.14326792e-02,   4.30811930e-03,              nan,
         1.32068729e-02,   7.03039082e-03,   3.04840900e-03,
         6.29373097e-03,   2.02734712e-03,   2.54264395e-03,
         2.36960787e-03,   1.86171811e-02,   1.68453784e-03,
         6.47497337e-03,              nan,   3.69332301e-03,
         7.61449255e-03,   5.15282538e-03,   2.19304722e-03,
         1.42921049e-03,   2.68658981e-03,   3.80595798e-03,
         2.52149380e-03,   4.83772478e-03,   5.27468530e-03,
                    nan,   0.00000000e+00,   1.36029409e+01,
         9.73652916e+00,   5.08330601e+00,   1.96061215e+01,
         6.31189354e+00,   7.52595509e+00,   1.40000000e+01,
         6.08604962e+00,   1.98655481e+01,   1.32574507e+01,
         0.00000000e+00,   1.30935098e+01,   1.34551106e+01,
         9.43186090e+00,   8.47112743e+00,   2.08710326e+01,
         4.33589668e+00,   1.20432554e+01,   7.46726188e+00,
         9.72830921e+00,   1.30445391e+01,   0.00000000e+00,
         2.32551070e+01,   1.83455717e+01,   1.05147515e+01,
         1.03614671e+01,   9.20869155e+00,   1.02254584e+01,
         8.37615664e+00,   5.26877595e+00,   1.32514150e+01,
         2.32086191e+01,   0.00000000e+00,   1.82142801e+01,
         1.52394226e+01,   1.29398609e+01,   1.00279609e+01,
         1.17541482e+01,   1.44775689e+01,   1.92416216e+01,
         9.10823803e+00,   1.79933321e+01,   1.81614977e+01,
         0.00000000e+00,   9.70360758e+00,   1.14995652e+01,
         1.46615142e+01,   7.83326241e+00,   1.04038454e+01,
         6.43117408e+00,   8.58836422e+00,   1.07962957e+01,
         1.53935051e+01,   1.00518655e+01,   0.00000000e+00,
         1.27530389e+01,   6.01996678e+00,   1.27499020e+01,
         1.17915224e+01,   7.73045924e+00,   2.11716792e+01,
         1.02645019e+01,   1.31057239e+01,   1.17813412e+01,
         1.29367693e+01,   0.00000000e+00,   1.22898332e+01,
         1.18321596e+01,   1.64268074e+01,   1.40655608e+01,
         4.27083130e+00,   9.52050419e+00,   9.94786409e+00,
         1.49184450e+01,   6.13188389e+00,   1.22311079e+01,
         0.00000000e+00,   6.43117408e+00,   1.52761252e+01,
         6.48074070e+00,   1.22212929e+01,   1.05147515e+01,
         1.20233107e+01,   8.21218607e+00,   1.29861465e+01,
         1.16378692e+01,   6.77052435e+00,   0.00000000e+00,
         1.96203975e+01,   1.99499373e+01,   7.55248304e+00,
         8.06473806e+00,   1.45134420e+01,   1.07962957e+01,
         1.15238882e+01,   1.64243721e+01,   1.51710250e+01,
         1.93142434e+01,   0.00000000e+00,   2.13913547e-03])]}
dataset: synthetic fried
no prune
number of samples: 40768
NONERECALL: 0.001000
CV: 5
{'alpha': [0.0, 0.0], 'perf': [array([  6.42783537e-01,   0.00000000e+00,   0.00000000e+00,
         8.89128626e-01,   8.92415480e-01,   8.91238074e-01,
         9.02521623e-01,   8.94255486e-01,   8.89128626e-01,
         8.92415480e-01,   8.91238074e-01,   9.02521623e-01,
         8.94255486e-01,   8.15360000e+03,   8.15360000e+03,
         8.15360000e+03,   8.15360000e+03,   8.15360000e+03,
         0.00000000e+00,   8.93894772e-01,   8.78733289e-01,
                    nan,   9.34367510e-01,   9.37336101e-01,
         9.40137562e-01,   9.33901005e-01,   9.38824092e-01,
                    nan,   9.38482661e-01,   9.39194921e-01,
         9.36241634e-01,   9.37491929e-01,   9.37497028e-01,
                    nan,   9.43078502e-01,   9.33722452e-01,
         9.40387613e-01,   9.40158346e-01,   9.48239019e-01,
                    nan,   9.47220233e-01,   9.38350689e-01,
         9.39417888e-01,   9.32833103e-01,   9.46244610e-01,
                    nan,   0.00000000e+00,   4.05880000e+03,
         4.07220000e+03,   4.10040000e+03,   4.07800000e+03,
         4.09480000e+03,   0.00000000e+00,   4.08440000e+03,
         4.09580000e+03,   4.07960000e+03,   4.08140000e+03,
         4.06920000e+03,   0.00000000e+00,   4.07000000e+03,
         4.09420000e+03,   4.05320000e+03,   4.05780000e+03,
         4.08360000e+03,   0.00000000e+00,   4.08320000e+03,
         4.07560000e+03,   4.07400000e+03,   4.05940000e+03,
         4.07040000e+03,   0.00000000e+00,   9.39138137e-01]), array([  5.56885988e-03,   0.00000000e+00,   0.00000000e+00,
         3.63469799e-03,   2.52834229e-03,   2.97998101e-03,
         2.21051381e-03,   4.43221329e-03,   3.63469799e-03,
         2.52834229e-03,   2.97998101e-03,   2.21051381e-03,
         4.43221329e-03,   4.89897949e-01,   4.89897949e-01,
         4.89897949e-01,   4.89897949e-01,   4.89897949e-01,
         0.00000000e+00,   1.13969962e-03,   1.05386178e-03,
                    nan,   4.21706942e-03,   5.51282841e-03,
         2.45897252e-03,   5.32453149e-03,   3.74683957e-03,
                    nan,   2.87580659e-03,   2.44591167e-03,
         3.69924170e-03,   3.45568082e-03,   4.44492377e-03,
                    nan,   9.70451337e-04,   4.33851347e-03,
         5.91749433e-03,   4.84191663e-03,   2.02063931e-03,
                    nan,   3.01358949e-03,   6.22603513e-03,
         4.84218329e-03,   3.90735237e-03,   2.90481566e-03,
                    nan,   0.00000000e+00,   6.45210043e+01,
         5.11914055e+01,   2.64317990e+01,   4.94206435e+01,
         6.41573067e+01,   0.00000000e+00,   3.17590932e+01,
         6.22684511e+01,   5.67365843e+01,   5.13521178e+01,
         3.18395980e+01,   0.00000000e+00,   6.56780024e+01,
         6.72826872e+01,   2.64680940e+01,   6.24416528e+01,
         6.55090833e+01,   0.00000000e+00,   3.58407589e+01,
         4.94716080e+01,   5.70298168e+01,   6.72951707e+01,
         3.62414128e+01,   0.00000000e+00,   5.27873449e-04])]}
