K = 20
data = data/posts_Feature_Emotion.txt
time = 7038.325000
{'perf': [array([  8.32298366e-01,   0.00000000e+00,   0.00000000e+00,
         1.00000000e+00,   9.64527046e-01,   9.79475820e-01,
         9.41359237e-01,   9.40612061e-01,   9.88386939e-01,
         1.00000000e+00,   8.46981224e-01,   1.39631580e-01,
         2.85408248e-01,   2.70190447e-01,   1.47873065e-01,
         3.44560000e+03,   8.06200000e+02,   8.30000000e+01,
         2.85200000e+02,   2.83200000e+02,   4.72000000e+01,
         0.00000000e+00,   3.29270891e-01,   9.27900392e-01,
                    nan,   9.99709656e-01,   9.99709690e-01,
         9.99709825e-01,   9.99709437e-01,   9.99709791e-01,
         5.76218893e-02,              nan,   9.72895238e-01,
         9.49196927e-01,   8.93330550e-01,   9.88354450e-01,
         8.70129870e-02,   1.67853642e-01,              nan,
         3.99501966e-01,   3.60589474e-01,   5.89125416e-01,
         1.45959596e-01,   7.09283871e-02,   7.77928184e-01,
                    nan,   5.14616969e-01,   8.04243122e-01,
         5.99270990e-02,   1.80837661e-01,   8.10920095e-01,
         5.94892054e-01,              nan,   8.20709394e-01,
         1.65238095e-01,   1.29717172e-01,   4.86810036e-01,
         3.13663004e-01,   2.45767575e-01,              nan,
         0.00000000e+00,   3.44220000e+03,   3.44260000e+03,
         3.44420000e+03,   3.43960000e+03,   3.44380000e+03,
         1.58000000e+01,   0.00000000e+00,   8.00200000e+02,
         7.89000000e+02,   7.83800000e+02,   8.03000000e+02,
         9.60000000e+00,   6.62000000e+01,   0.00000000e+00,
         7.82000000e+01,   7.82000000e+01,   7.96000000e+01,
         5.80000000e+00,   1.49800000e+02,   2.75000000e+02,
         0.00000000e+00,   2.63800000e+02,   2.81200000e+02,
         1.54000000e+01,   2.17800000e+02,   2.76400000e+02,
         2.48200000e+02,   0.00000000e+00,   2.80000000e+02,
         4.60000000e+00,   3.16000000e+01,   4.14000000e+01,
         3.62000000e+01,   3.76000000e+01,   0.00000000e+00,
         3.86821195e-01]), array([  5.78003284e-03,   0.00000000e+00,   0.00000000e+00,
         0.00000000e+00,   8.91264368e-03,   1.58949278e-03,
         6.02250501e-03,   3.27958710e-03,   2.84272730e-03,
         0.00000000e+00,   3.84192191e-02,   2.88470070e-02,
         2.53743649e-02,   4.13245918e-02,   3.08719926e-02,
         3.82622529e+00,   9.26066952e+00,   6.03324125e+00,
         2.38193199e+01,   7.73045924e+00,   1.05527248e+01,
         0.00000000e+00,   1.35891914e-02,   6.21401192e-03,
                    nan,   4.07562124e-07,   2.53461196e-07,
         3.46801392e-07,   4.46123223e-07,   3.51378602e-07,
         8.91991378e-03,              nan,   6.90063150e-03,
         2.23441668e-03,   4.06886504e-02,   2.65312654e-03,
         7.79220779e-03,   2.62343128e-02,              nan,
         3.25169070e-02,   3.36678721e-02,   2.13149943e-02,
         5.78144971e-02,   1.77412995e-02,   3.61198085e-02,
                    nan,   3.41315203e-02,   4.51992417e-02,
         1.17307859e-02,   6.44132161e-02,   3.80765858e-02,
         1.37686140e-02,              nan,   6.22662932e-02,
         4.88785806e-02,   5.81515213e-02,   9.19118724e-02,
         1.54967931e-01,   4.47930363e-02,              nan,
         0.00000000e+00,   4.83321839e+00,   3.00665928e+00,
         4.11825206e+00,   5.27636238e+00,   4.16653333e+00,
         2.92574777e+00,   0.00000000e+00,   9.13016977e+00,
         1.17813412e+01,   1.35852862e+01,   1.12605506e+01,
         1.20000000e+00,   4.06939799e+00,   0.00000000e+00,
         5.56417110e+00,   5.49181209e+00,   4.88262225e+00,
         2.48193473e+00,   1.14437756e+01,   2.21630323e+01,
         0.00000000e+00,   2.51029879e+01,   2.17752153e+01,
         3.72021505e+00,   3.91918359e+00,   5.57135531e+00,
         6.52380257e+00,   0.00000000e+00,   9.14330356e+00,
         1.95959179e+00,   8.77724330e+00,   9.89141042e+00,
         9.08625335e+00,   7.96492310e+00,   0.00000000e+00,
         2.11457559e-02])]}
K = 20
data = data/nytimes_Feature_linkemotion.txt
time = 510.569000
{'perf': [array([  1.58836850e-01,   0.00000000e+00,   0.00000000e+00,
         1.00000000e+00,   7.35696987e-01,   5.87109478e-01,
         7.75190871e-01,   5.64684299e-01,   6.57127448e-01,
         1.00000000e+00,   7.27910781e-01,   4.78415116e-01,
         7.60865492e-01,   4.85954533e-01,   5.58510842e-01,
         9.36800000e+02,   9.10000000e+02,   7.41400000e+02,
         8.80800000e+02,   7.93400000e+02,   7.27600000e+02,
         0.00000000e+00,   6.44638085e-01,   5.03783860e-01,
                    nan,   9.98934583e-01,   9.98883865e-01,
         9.98934356e-01,   9.98925884e-01,   9.98865658e-01,
         3.33333333e-01,              nan,   7.86824231e-01,
         6.59697682e-01,   8.10663424e-01,   7.43414110e-01,
         2.30012934e-02,   4.10603932e-01,              nan,
         2.91537354e-01,   5.59689300e-01,   5.06359589e-01,
         3.33333333e-01,   5.85827711e-01,   8.17791897e-01,
                    nan,   8.19705759e-01,   7.49965216e-01,
         1.04292929e-01,   3.46365117e-01,   5.68322691e-01,
         2.33415176e-01,              nan,   5.24264135e-01,
         1.70169632e-02,   5.37430155e-01,   6.67050503e-01,
         4.55013868e-01,   6.51262144e-01,              nan,
         0.00000000e+00,   9.36600000e+02,   8.94000000e+02,
         9.36400000e+02,   9.29000000e+02,   8.79600000e+02,
         2.00000000e-01,   0.00000000e+00,   5.48800000e+02,
         5.20400000e+02,   6.08400000e+02,   5.62000000e+02,
         4.28000000e+01,   3.79800000e+02,   0.00000000e+00,
         3.44400000e+02,   4.03600000e+02,   3.72400000e+02,
         4.00000000e-01,   4.12200000e+02,   5.49000000e+02,
         0.00000000e+00,   5.71200000e+02,   5.33800000e+02,
         7.80000000e+00,   3.17400000e+02,   4.63200000e+02,
         3.36400000e+02,   0.00000000e+00,   4.49400000e+02,
         5.72000000e+01,   3.66000000e+02,   4.33600000e+02,
         3.61600000e+02,   4.03400000e+02,   0.00000000e+00,
         4.54572261e-01]), array([  1.13996393e-02,   0.00000000e+00,   0.00000000e+00,
         0.00000000e+00,   7.06096437e-03,   1.41375205e-02,
         6.36299787e-03,   1.94142177e-02,   1.78504932e-02,
         0.00000000e+00,   7.30933312e-03,   1.11985657e-02,
         7.65975614e-03,   2.34791704e-02,   2.27306614e-02,
         4.00000000e-01,   3.34664011e+00,   1.13947356e+01,
         5.63560112e+00,   8.30903123e+00,   1.08185027e+01,
         0.00000000e+00,   5.79435139e-03,   7.50802350e-03,
                    nan,   9.09253128e-07,   8.40911580e-06,
         5.56207948e-07,   1.46053406e-06,   6.77497513e-06,
         0.00000000e+00,              nan,   1.20450751e-02,
         1.35024723e-02,   1.91232783e-02,   1.38068209e-02,
         4.31997733e-03,   1.55308431e-02,              nan,
         1.70075607e-02,   3.39153963e-02,   2.45090893e-02,
         0.00000000e+00,   1.63503640e-02,   2.42296127e-02,
                    nan,   1.33668998e-02,   9.82116236e-03,
         1.51009256e-02,   2.09247712e-02,   1.54738442e-02,
         2.21570341e-02,              nan,   1.21970287e-02,
         1.41058708e-03,   2.45354550e-02,   2.99391659e-02,
         2.54868408e-02,   2.47025278e-02,              nan,
         0.00000000e+00,   8.00000000e-01,   6.78232998e+00,
         4.89897949e-01,   1.26491106e+00,   5.23832034e+00,
         4.00000000e-01,   0.00000000e+00,   2.92574777e+00,
         6.24819974e+00,   6.71118469e+00,   1.06018866e+01,
         7.13862732e+00,   3.24961536e+00,   0.00000000e+00,
         5.08330601e+00,   1.60573970e+01,   1.41364776e+01,
         4.89897949e-01,   8.00999376e+00,   4.97995984e+00,
         0.00000000e+00,   1.48647233e+01,   9.10823803e+00,
         1.46969385e+00,   7.91454357e+00,   1.21885192e+01,
         1.16721892e+01,   0.00000000e+00,   8.08949937e+00,
         5.26877595e+00,   9.14330356e+00,   6.31189354e+00,
         6.62117814e+00,   1.22245654e+01,   0.00000000e+00,
         7.15557588e-03])]}
K = 20
data = data/wsj_Feature_linkemotion.txt
time = 1318.743000
{'perf': [array([  1.90781825e-01,   0.00000000e+00,   0.00000000e+00,
         1.00000000e+00,   7.54287120e-01,   6.53131145e-01,
         7.74385111e-01,   7.20256550e-01,   6.68944619e-01,
         1.00000000e+00,   6.70599946e-01,   3.31744160e-01,
         7.06106308e-01,   5.91220957e-01,   3.82736901e-01,
         1.49280000e+03,   1.11300000e+03,   7.74400000e+02,
         1.14620000e+03,   1.02160000e+03,   8.00600000e+02,
         0.00000000e+00,   5.73101294e-01,   5.94962767e-01,
                    nan,   9.99331014e-01,   9.99328317e-01,
         9.99331014e-01,   9.99331014e-01,   9.99330207e-01,
                    nan,              nan,   9.29463483e-01,
         5.57601356e-01,   6.13886555e-01,   8.85081498e-01,
         1.33571429e-01,   1.31859412e-01,              nan,
         6.02138832e-02,   1.35021481e-01,   3.99860797e-01,
                    nan,   5.55028824e-01,   9.70862016e-01,
                    nan,   6.21844877e-01,   9.03469020e-01,
                    nan,   4.97609457e-01,   9.23515771e-01,
         4.38661860e-01,              nan,   8.81145146e-01,
         2.37500000e-01,   2.53960136e-01,   6.99323734e-01,
         1.56580024e-01,   2.11133639e-01,              nan,
         0.00000000e+00,   1.49280000e+03,   1.48680000e+03,
         1.49280000e+03,   1.49280000e+03,   1.49100000e+03,
         0.00000000e+00,   0.00000000e+00,   9.05000000e+02,
         6.95400000e+02,   6.72800000e+02,   8.38400000e+02,
         6.00000000e+00,   3.57400000e+02,   0.00000000e+00,
         3.42600000e+02,   3.62000000e+02,   4.31800000e+02,
         0.00000000e+00,   6.46400000e+02,   8.91200000e+02,
         0.00000000e+00,   7.00800000e+02,   8.41200000e+02,
         0.00000000e+00,   6.12800000e+02,   8.09200000e+02,
         5.93400000e+02,   0.00000000e+00,   7.90800000e+02,
         1.80000000e+00,   4.12600000e+02,   5.54400000e+02,
         3.92400000e+02,   3.61600000e+02,   0.00000000e+00,
         4.68426974e-01]), array([  1.10314364e-02,   0.00000000e+00,   0.00000000e+00,
         0.00000000e+00,   1.64377489e-02,   1.96681878e-02,
         1.23795256e-02,   6.93149818e-03,   7.10186863e-03,
         0.00000000e+00,   1.93884974e-02,   2.39666472e-02,
         1.70124796e-02,   8.09097070e-03,   1.09063460e-02,
         4.00000000e-01,   1.34014925e+01,   2.11527776e+01,
         6.79411510e+00,   1.61443489e+01,   6.94550214e+00,
         0.00000000e+00,   8.70258967e-03,   1.23634641e-02,
                    nan,   1.79088707e-07,   8.74130427e-07,
         1.79088707e-07,   1.79088707e-07,   4.91112157e-07,
                    nan,              nan,   9.74539181e-03,
         1.22976817e-02,   1.26141649e-02,   1.62458533e-02,
         3.69500490e-02,   1.61392599e-02,              nan,
         1.27769595e-02,   1.78496158e-02,   1.64439909e-02,
                    nan,   9.82566287e-03,   2.47569386e-03,
                    nan,   3.21461189e-02,   9.02012499e-03,
                    nan,   1.11130319e-02,   4.28316213e-03,
         1.28183678e-02,              nan,   7.71712274e-03,
         2.16506351e-02,   1.93367933e-02,   1.76510664e-02,
         1.85294193e-02,   2.79625384e-02,              nan,
         0.00000000e+00,   4.00000000e-01,   1.93907194e+00,
         4.00000000e-01,   4.00000000e-01,   1.09544512e+00,
         0.00000000e+00,   0.00000000e+00,   2.32465051e+01,
         2.05484793e+01,   2.95526649e+01,   1.05565146e+01,
         1.89736660e+00,   2.67551864e+01,   0.00000000e+00,
         1.77155299e+01,   2.22081066e+01,   1.72904598e+01,
         0.00000000e+00,   2.23302485e+01,   1.37025545e+01,
         0.00000000e+00,   1.67140659e+01,   4.35430821e+00,
         0.00000000e+00,   2.39616360e+01,   1.37317151e+01,
         1.36323146e+01,   0.00000000e+00,   1.88509947e+01,
         9.79795897e-01,   1.02293695e+01,   1.53440542e+01,
         3.55527777e+00,   1.69894085e+01,   0.00000000e+00,
         1.58791212e-02])]}
K = 20
data = data/washington_Feature_linkemotion.txt
time = 876.591000
{'perf': [array([  1.83423383e-01,   0.00000000e+00,   0.00000000e+00,
         1.00000000e+00,   7.46780658e-01,   6.45571802e-01,
         8.12492051e-01,   6.55062420e-01,   6.83172874e-01,
         1.00000000e+00,   6.69264375e-01,   3.91435670e-01,
         7.53748559e-01,   4.35499767e-01,   4.16282710e-01,
         1.22340000e+03,   9.35800000e+02,   7.12200000e+02,
         9.31800000e+02,   7.47600000e+02,   6.63400000e+02,
         0.00000000e+00,   5.73563695e-01,   5.50125931e-01,
                    nan,   9.99183940e-01,   9.99166226e-01,
         9.99183673e-01,   9.99180864e-01,   9.99155057e-01,
                    nan,              nan,   7.85194262e-01,
         5.31759677e-01,   7.81071658e-01,   7.68797092e-01,
         3.80147059e-02,   2.99111718e-01,              nan,
         1.77777997e-01,   4.92423065e-01,   5.53975862e-01,
         3.33333333e-01,   5.70915436e-01,   8.66398604e-01,
                    nan,   8.26995658e-01,   8.17867823e-01,
         1.57460317e-01,   3.13418284e-01,   5.51118537e-01,
         2.05197842e-01,              nan,   5.93569229e-01,
         2.44384022e-02,   3.90863325e-01,   5.53962079e-01,
         2.55482977e-01,   4.70150570e-01,              nan,
         0.00000000e+00,   1.22340000e+03,   1.19740000e+03,
         1.22300000e+03,   1.21880000e+03,   1.18160000e+03,
         0.00000000e+00,   0.00000000e+00,   6.31000000e+02,
         5.80400000e+02,   6.41400000e+02,   6.53000000e+02,
         2.60000000e+01,   4.40600000e+02,   0.00000000e+00,
         3.84600000e+02,   4.49000000e+02,   4.15600000e+02,
         4.00000000e-01,   5.24600000e+02,   6.18600000e+02,
         0.00000000e+00,   6.48200000e+02,   6.29800000e+02,
         4.60000000e+00,   4.00600000e+02,   4.83000000e+02,
         3.74400000e+02,   0.00000000e+00,   4.88600000e+02,
         4.18000000e+01,   4.02800000e+02,   4.08000000e+02,
         3.64200000e+02,   3.95800000e+02,   0.00000000e+00,
         4.35433440e-01]), array([  3.79186464e-03,   0.00000000e+00,   0.00000000e+00,
         0.00000000e+00,   2.59387394e-02,   1.72431937e-02,
         8.65761422e-03,   1.09774539e-02,   2.21821164e-02,
         0.00000000e+00,   3.02203851e-02,   1.72103719e-02,
         1.23917861e-02,   1.85348497e-02,   3.01389407e-02,
         4.89897949e-01,   1.22865780e+01,   1.89251156e+01,
         1.02645019e+01,   4.84148737e+00,   1.34253492e+01,
         0.00000000e+00,   4.46868679e-03,   5.49953681e-03,
                    nan,   3.26196324e-07,   4.47761567e-06,
         5.96036882e-07,   7.82765722e-07,   7.29390762e-06,
                    nan,              nan,   2.03199176e-02,
         2.87746157e-02,   2.58698665e-02,   3.41649652e-02,
         1.07566513e-02,   2.68107958e-02,              nan,
         1.57699029e-02,   2.02147399e-02,   1.77061931e-02,
         0.00000000e+00,   2.07997159e-02,   1.61670841e-02,
                    nan,   2.18548822e-02,   2.64496035e-02,
         2.94640118e-02,   3.34470610e-02,   2.24623665e-02,
         9.69390566e-03,              nan,   4.08547834e-02,
         7.25498676e-03,   3.50108739e-02,   2.19878020e-02,
         3.33032931e-02,   3.48126441e-02,              nan,
         0.00000000e+00,   4.89897949e-01,   6.46838465e+00,
         8.94427191e-01,   1.16619038e+00,   1.02878569e+01,
         0.00000000e+00,   0.00000000e+00,   2.07557221e+01,
         1.76929364e+01,   1.50678466e+01,   2.21449769e+01,
         6.09918027e+00,   2.08288262e+01,   0.00000000e+00,
         1.20266371e+01,   1.55048380e+01,   1.23709337e+01,
         4.89897949e-01,   1.42070405e+01,   7.76144316e+00,
         0.00000000e+00,   6.93974063e+00,   1.31969693e+01,
         1.35646600e+00,   1.29089117e+01,   1.19498954e+01,
         6.97423831e+00,   0.00000000e+00,   2.15276566e+01,
         9.88736568e+00,   2.33015021e+01,   1.01587401e+01,
         1.94976922e+01,   2.08365064e+01,   0.00000000e+00,
         1.15731099e-02])]}
