NONERECALL: 0.001000
CV: 5
Abstention True
Inverse_laplace 4
{'perf': [array([  8.62371888e-01,   0.00000000e+00,   0.00000000e+00,
         1.00000000e+00,   9.88618148e-01,   9.84591812e-01,
         9.43441921e-01,   9.46069504e-01,   9.91595840e-01,
         1.00000000e+00,   9.28538220e-01,   1.08000000e-02,
         7.94481534e-02,   2.89846977e-01,   4.56000000e-02,
         1.13240000e+03,   1.77800000e+02,   1.78000000e+01,
         7.02000000e+01,   8.68000000e+01,   1.00000000e+01,
         0.00000000e+00,   8.71326738e-02,   9.38998017e-01]), array([  1.18447917e-02,   0.00000000e+00,   0.00000000e+00,
         0.00000000e+00,   5.93949092e-03,   3.39210293e-03,
         2.81265881e-03,   4.47898014e-03,   2.31982390e-03,
         0.00000000e+00,   3.26624827e-02,   1.96000000e-02,
         7.20117130e-03,   4.06010698e-02,   5.51927531e-02,
         2.05912603e+00,   1.01862653e+01,   3.96988665e+00,
         3.91918359e+00,   5.94642750e+00,   2.44948974e+00,
         0.00000000e+00,   2.82866352e-02,   1.76882686e-02])]}
NONERECALL: 0.001000
CV: 5
Abstention True
Inverse_laplace 16
{'perf': [array([  8.65348815e-01,   0.00000000e+00,   0.00000000e+00,
         1.00000000e+00,   9.91770359e-01,   9.84591812e-01,
         9.45893453e-01,   9.43617818e-01,   9.91770972e-01,
         1.00000000e+00,   9.47428339e-01,   1.08000000e-02,
         1.19572249e-01,   2.58166029e-01,   6.35818182e-02,
         1.13240000e+03,   1.77800000e+02,   1.78000000e+01,
         7.02000000e+01,   8.68000000e+01,   1.00000000e+01,
         0.00000000e+00,   1.14367952e-01,   9.38509458e-01]), array([  1.00642766e-02,   0.00000000e+00,   0.00000000e+00,
         0.00000000e+00,   2.11574190e-03,   3.39210293e-03,
         3.39346523e-03,   4.58392531e-03,   2.25258111e-03,
         0.00000000e+00,   1.24919662e-02,   1.96000000e-02,
         2.68937237e-02,   3.02867560e-02,   5.23033934e-02,
         2.05912603e+00,   1.01862653e+01,   3.96988665e+00,
         3.91918359e+00,   5.94642750e+00,   2.44948974e+00,
         0.00000000e+00,   6.03073384e-02,   1.69453436e-02])]}
NONERECALL: 0.001000
CV: 5
Abstention True
Inverse_laplace 64
{'perf': [array([  8.66224165e-01,   0.00000000e+00,   0.00000000e+00,
         1.00000000e+00,   9.91770359e-01,   9.84591812e-01,
         9.47118913e-01,   9.43092578e-01,   9.91595840e-01,
         1.00000000e+00,   9.47428339e-01,   1.08000000e-02,
         1.40082460e-01,   2.50634893e-01,   4.56000000e-02,
         1.13240000e+03,   1.77800000e+02,   1.78000000e+01,
         7.02000000e+01,   8.68000000e+01,   1.00000000e+01,
         0.00000000e+00,   9.20440721e-02,   9.39684528e-01]), array([  9.37239042e-03,   0.00000000e+00,   0.00000000e+00,
         0.00000000e+00,   2.11574190e-03,   3.39210293e-03,
         4.31891565e-03,   4.02741711e-03,   2.31982390e-03,
         0.00000000e+00,   1.24919662e-02,   1.96000000e-02,
         4.07155122e-02,   2.93850661e-02,   5.51927531e-02,
         2.05912603e+00,   1.01862653e+01,   3.96988665e+00,
         3.91918359e+00,   5.94642750e+00,   2.44948974e+00,
         0.00000000e+00,   2.66630620e-02,   1.75063987e-02])]}

number of samples: 17394
NONERECALL: 0.001000
CV: 5
Abstention True
Inverse_laplace 64
{'perf': [array([  8.50063595e-01,   0.00000000e+00,   0.00000000e+00,
         1.00000000e+00,   9.93331037e-01,   9.76716224e-01,
         9.42854019e-01,   9.36644809e-01,   9.86719710e-01,
         1.00000000e+00,   9.71217977e-01,   2.39693163e-02,
         3.02865067e-01,   2.21126200e-01,   2.33455108e-02,
         3.44560000e+03,   8.06200000e+02,   8.30000000e+01,
         2.85200000e+02,   2.83200000e+02,   4.72000000e+01,
         0.00000000e+00,   1.66856617e-01,   9.33260789e-01]), array([  4.93693572e-03,   0.00000000e+00,   0.00000000e+00,
         0.00000000e+00,   1.00231225e-03,   1.66467832e-03,
         4.75055280e-03,   8.83887350e-04,   3.11338771e-03,
         0.00000000e+00,   4.39796943e-03,   1.19587698e-02,
         7.36131895e-03,   2.52662976e-02,   1.29112997e-02,
         3.82622529e+00,   9.26066952e+00,   6.03324125e+00,
         2.38193199e+01,   7.73045924e+00,   1.05527248e+01,
         0.00000000e+00,   2.88571841e-02,   7.28733346e-03])]}
number of samples: 17394
NONERECALL: 0.001000
CV: 5
Abstention True
Inverse_laplace 64
{'perf': [array([  8.50063595e-01,   0.00000000e+00,   0.00000000e+00,
         1.00000000e+00,   9.93331037e-01,   9.76716224e-01,
         9.42854019e-01,   9.36644809e-01,   9.86719710e-01,
         1.00000000e+00,   9.71217977e-01,   2.39693163e-02,
         3.02865067e-01,   2.21126200e-01,   2.33455108e-02,
         3.44560000e+03,   8.06200000e+02,   8.30000000e+01,
         2.85200000e+02,   2.83200000e+02,   4.72000000e+01,
         0.00000000e+00,   1.66856617e-01,   9.33260789e-01,
                    nan,   9.99709656e-01,   9.99709690e-01,
         9.99709825e-01,   9.99709437e-01,   9.99709791e-01,
         5.76218893e-02,              nan,   9.98753267e-01,
         9.98479415e-01,   9.88737675e-01,   9.98011140e-01,
         8.70129870e-02,   2.03493626e-02,              nan,
         1.74603838e-01,   1.25277829e-02,   9.15850667e-01,
         1.45959596e-01,   6.62196310e-03,   9.66646869e-01,
                    nan,   5.06949613e-01,   9.91965810e-01,
         5.99270990e-02,   3.72505000e-02,   9.95699908e-01,
         6.38892795e-01,              nan,   9.95728270e-01,
         1.65238095e-01,   5.30909091e-02,   1.43369176e-01,
         9.02319902e-02,   3.67980895e-02,              nan,
         0.00000000e+00,   3.44220000e+03,   3.44260000e+03,
         3.44420000e+03,   3.43960000e+03,   3.44380000e+03,
         1.58000000e+01,   0.00000000e+00,   8.00200000e+02,
         7.89000000e+02,   7.83800000e+02,   8.03000000e+02,
         9.60000000e+00,   6.62000000e+01,   0.00000000e+00,
         7.82000000e+01,   7.82000000e+01,   7.96000000e+01,
         5.80000000e+00,   1.49800000e+02,   2.75000000e+02,
         0.00000000e+00,   2.63800000e+02,   2.81200000e+02,
         1.54000000e+01,   2.17800000e+02,   2.76400000e+02,
         2.48200000e+02,   0.00000000e+00,   2.80000000e+02,
         4.60000000e+00,   3.16000000e+01,   4.14000000e+01,
         3.62000000e+01,   3.76000000e+01,   0.00000000e+00,
         2.40926879e-01]), array([  4.93693572e-03,   0.00000000e+00,   0.00000000e+00,
         0.00000000e+00,   1.00231225e-03,   1.66467832e-03,
         4.75055280e-03,   8.83887350e-04,   3.11338771e-03,
         0.00000000e+00,   4.39796943e-03,   1.19587698e-02,
         7.36131895e-03,   2.52662976e-02,   1.29112997e-02,
         3.82622529e+00,   9.26066952e+00,   6.03324125e+00,
         2.38193199e+01,   7.73045924e+00,   1.05527248e+01,
         0.00000000e+00,   2.88571841e-02,   7.28733346e-03,
                    nan,   4.07562124e-07,   2.53461196e-07,
         3.46801392e-07,   4.46123223e-07,   3.51378602e-07,
         8.91991378e-03,              nan,   1.41536549e-05,
         5.20398127e-04,   5.56758628e-03,   1.00201978e-03,
         7.79220779e-03,   1.09833647e-02,              nan,
         3.86703753e-02,   8.62055904e-04,   4.16521981e-02,
         5.78144971e-02,   4.56000161e-04,   1.09683804e-02,
                    nan,   3.11394020e-02,   4.60923171e-03,
         1.17307859e-02,   1.38294048e-02,   1.38502973e-03,
         1.90614855e-02,              nan,   1.47813236e-03,
         4.88785806e-02,   3.50380498e-02,   3.15257375e-02,
         3.12194755e-02,   1.42175108e-02,              nan,
         0.00000000e+00,   4.83321839e+00,   3.00665928e+00,
         4.11825206e+00,   5.27636238e+00,   4.16653333e+00,
         2.92574777e+00,   0.00000000e+00,   9.13016977e+00,
         1.17813412e+01,   1.35852862e+01,   1.12605506e+01,
         1.20000000e+00,   4.06939799e+00,   0.00000000e+00,
         5.56417110e+00,   5.49181209e+00,   4.88262225e+00,
         2.48193473e+00,   1.14437756e+01,   2.21630323e+01,
         0.00000000e+00,   2.51029879e+01,   2.17752153e+01,
         3.72021505e+00,   3.91918359e+00,   5.57135531e+00,
         6.52380257e+00,   0.00000000e+00,   9.14330356e+00,
         1.95959179e+00,   8.77724330e+00,   9.89141042e+00,
         9.08625335e+00,   7.96492310e+00,   0.00000000e+00,
         1.68111535e-02])]}
