dataset: synthetic iris
parameter prior simple
True MLE aggregation
scalar variance for preference matrix
Nu: 7, Nv: 7
dataset size: 150
{'perf': [array([  0.95333333,   0.        ,   0.        ,   0.98666667,
         0.98666667,   0.98      ,   0.98666667,   0.98666667,
         0.98      ,  30.        ,  30.        ,  30.        ,
         0.        ,   0.98421487,   0.96888889,          nan,
         0.91550025,   0.93823529,   0.93578283,          nan,
         0.93416916,   0.92005348,   0.89789377,          nan,
         0.        ,  15.6       ,  14.6       ,  14.4       ,
         0.        ,  20.        ,  15.4       ,  10.        ,
         0.        ,   0.92292765]), array([ 0.03399346,  0.        ,  0.        ,  0.02666667,  0.02666667,
        0.01632993,  0.02666667,  0.02666667,  0.01632993,  0.        ,
        0.        ,  0.        ,  0.        ,  0.01149248,  0.02266231,
               nan,  0.0531912 ,  0.01085833,  0.01515564,         nan,
        0.04221862,  0.02531773,  0.03202773,         nan,  0.        ,
        3.61109402,  2.33238076,  3.61109402,  0.        ,  2.0976177 ,
        2.33238076,  2.0976177 ,  0.        ,  0.01055366])], 'Nv': [7.0, 0.0], 'Nu': [7.0, 0.0]}
dataset: synthetic wine
parameter prior simple
True MLE aggregation
scalar variance for preference matrix
Nu: 8, Nv: 8
dataset size: 178
{'perf': [array([  0.84238095,   0.        ,   0.        ,   0.96031746,
         0.91015873,   0.95492063,   0.96031746,   0.91015873,
         0.95492063,  35.6       ,  35.6       ,  35.6       ,
         0.        ,   0.94128114,   0.86507937,          nan,
         0.9027269 ,   0.93816606,   0.75369306,          nan,
         0.94698362,   0.84062049,   0.85179487,          nan,
         0.        ,  20.4       ,  24.8       ,  15.2       ,
         0.        ,  25.8       ,  10.8       ,   9.8       ,
         0.        ,   0.86858759]), array([ 0.03961772,  0.        ,  0.        ,  0.02926409,  0.01068809,
        0.03880749,  0.02926409,  0.01068809,  0.03880749,  0.48989795,
        0.48989795,  0.48989795,  0.        ,  0.01860069,  0.05094224,
               nan,  0.04205901,  0.023306  ,  0.03008309,         nan,
        0.0360833 ,  0.04596045,  0.081296  ,         nan,  0.        ,
        1.49666295,  3.12409987,  1.72046505,  0.        ,  2.85657137,
        3.05941171,  2.71293199,  0.        ,  0.01971576])], 'Nv': [8.0, 0.0], 'Nu': [8.0, 0.0]}
dataset: synthetic glass
parameter prior simple
True MLE aggregation
scalar variance for preference matrix
Nu: 10, Nv: 10
dataset size: 214
{'perf': [array([  0.58383167,   0.        ,   0.        ,   0.92923588,
         0.91129568,   0.84606866,   0.91118494,   0.90155039,
         0.91594684,   0.92923588,   0.91129568,   0.84606866,
         0.91118494,   0.90155039,   0.91594684,  42.8       ,
        42.8       ,  42.8       ,  42.8       ,  42.8       ,
        42.8       ,   0.        ,   0.90096037,   0.82046512,
                nan,   0.9243565 ,   0.95565687,   0.93814397,
         0.94640296,   0.94213778,   0.61272727,          nan,
         0.80822193,   0.96557024,   0.95173978,   0.9635169 ,
         0.20397727,   0.91886022,          nan,   0.93190696,
         0.94130195,   0.94213778,   0.65089744,   0.37142857,
         0.68974359,          nan,   0.94627616,   0.96354871,
         0.2797619 ,   0.33452381,   0.34761905,   0.36642857,
                nan,   0.93607798,   0.5568254 ,   0.62722222,
         0.5568254 ,   0.59849206,   0.52550505,          nan,
         0.        ,  35.6       ,  37.8       ,  35.        ,
        39.2       ,  35.4       ,   7.2       ,   0.        ,
        16.6       ,  38.8       ,  39.4       ,  36.6       ,
         5.        ,  26.2       ,   0.        ,  34.2       ,
        39.        ,  35.4       ,   7.8       ,   4.        ,
         8.6       ,   0.        ,  38.6       ,  36.4       ,
         3.6       ,   3.4       ,   3.8       ,   4.2       ,
         0.        ,  35.2       ,   7.4       ,   6.2       ,
         7.4       ,   6.4       ,   7.6       ,   0.        ,   0.65409867]), array([ 0.07577017,  0.        ,  0.        ,  0.07825031,  0.02690004,
        0.05948401,  0.02289334,  0.04622652,  0.03140545,  0.07825031,
        0.02690004,  0.05948401,  0.02289334,  0.04622652,  0.03140545,
        0.4       ,  0.4       ,  0.4       ,  0.4       ,  0.4       ,
        0.4       ,  0.        ,  0.01660764,  0.05600656,         nan,
        0.04494079,  0.03740086,  0.03569043,  0.03908742,  0.02881259,
        0.10669098,         nan,  0.09246815,  0.01225958,  0.03680561,
        0.01322844,  0.17136405,  0.04257204,         nan,  0.03623777,
        0.03653147,  0.02881259,  0.18585393,  0.14876666,  0.11649043,
               nan,  0.03456713,  0.01268409,  0.14904743,  0.18989121,
        0.12009067,  0.16378184,         nan,  0.02565744,  0.20575347,
        0.22938727,  0.20575347,  0.234929  ,  0.19367946,         nan,
        0.        ,  2.05912603,  3.31058907,  2.82842712,  2.03960781,
        1.62480768,  1.83303028,  0.        ,  2.8       ,  1.72046505,
        2.05912603,  1.74355958,  3.46410162,  3.05941171,  0.        ,
        2.92574777,  1.67332005,  1.62480768,  2.56124969,  1.54919334,
        2.72763634,  0.        ,  1.74355958,  1.0198039 ,  1.8547237 ,
        1.8547237 ,  1.46969385,  1.46969385,  0.        ,  1.16619038,
        1.62480768,  1.72046505,  1.62480768,  1.0198039 ,  1.2       ,
        0.        ,  0.06673268])], 'Nv': [10.0, 0.0], 'Nu': [10.0, 0.0]}
dataset: synthetic bodyfat
parameter prior simple
True MLE aggregation
scalar variance for preference matrix
Nu: 12, Nv: 12
dataset size: 252
{'perf': [array([  1.17647059e-02,   0.00000000e+00,   0.00000000e+00,
         5.59372549e-01,   6.24156863e-01,   6.42431373e-01,
         5.59372549e-01,   6.62588235e-01,   5.71764706e-01,
         5.90823529e-01,   5.59372549e-01,   6.24156863e-01,
         6.42431373e-01,   5.59372549e-01,   6.62588235e-01,
         5.71764706e-01,   5.90823529e-01,   5.04000000e+01,
         5.04000000e+01,   5.04000000e+01,   5.04000000e+01,
         5.04000000e+01,   5.04000000e+01,   5.04000000e+01,
         0.00000000e+00,   5.95635471e-01,   1.19185808e-01,
                    nan,   5.17948226e-01,   3.40071844e-01,
         5.93498168e-01,   5.91282178e-01,   4.72937888e-01,
         6.22300114e-01,   6.48978844e-01,              nan,
         5.32196539e-01,   6.26940099e-01,   5.98051948e-01,
         5.22579260e-01,   6.43055556e-01,   6.22813708e-01,
         5.31764557e-01,              nan,   7.28299547e-01,
         5.54834182e-01,   4.98607839e-01,   5.58319731e-01,
         4.38987577e-01,   5.15179748e-01,   3.68147657e-01,
                    nan,   4.67359788e-01,   5.83919414e-01,
         5.72932635e-01,   5.24020178e-01,   5.03213453e-01,
         4.85693122e-01,   5.72600733e-01,              nan,
         5.98892669e-01,   6.87845053e-01,   6.37266646e-01,
         6.29475123e-01,   5.35645834e-01,   4.95715549e-01,
         4.06485554e-01,              nan,   6.83527392e-01,
         6.50390805e-01,   6.46378276e-01,   6.35098901e-01,
         5.76970443e-01,   4.46287174e-01,   4.23273763e-01,
                    nan,   0.00000000e+00,   2.60000000e+01,
         2.38000000e+01,   2.58000000e+01,   2.64000000e+01,
         2.22000000e+01,   2.48000000e+01,   2.44000000e+01,
         0.00000000e+00,   2.46000000e+01,   2.60000000e+01,
         2.64000000e+01,   2.38000000e+01,   2.48000000e+01,
         2.66000000e+01,   2.58000000e+01,   0.00000000e+00,
         2.68000000e+01,   2.54000000e+01,   2.44000000e+01,
         2.40000000e+01,   2.46000000e+01,   2.44000000e+01,
         2.36000000e+01,   0.00000000e+00,   2.44000000e+01,
         2.50000000e+01,   2.50000000e+01,   2.40000000e+01,
         2.40000000e+01,   2.50000000e+01,   2.60000000e+01,
         0.00000000e+00,   2.44000000e+01,   2.64000000e+01,
         2.82000000e+01,   2.66000000e+01,   2.60000000e+01,
         2.54000000e+01,   2.60000000e+01,   0.00000000e+00,
         2.74000000e+01,   2.56000000e+01,   2.56000000e+01,
         2.64000000e+01,   2.54000000e+01,   2.40000000e+01,
         2.30000000e+01,   0.00000000e+00,   5.28213427e-01]), array([ 0.02352941,  0.        ,  0.        ,  0.03579823,  0.13058732,
        0.0756716 ,  0.0456236 ,  0.08846301,  0.0443959 ,  0.06749365,
        0.03579823,  0.13058732,  0.0756716 ,  0.0456236 ,  0.08846301,
        0.0443959 ,  0.06749365,  0.48989795,  0.48989795,  0.48989795,
        0.48989795,  0.48989795,  0.48989795,  0.48989795,  0.        ,
        0.01652898,  0.04932789,         nan,  0.158767  ,  0.18984511,
        0.10296413,  0.10851034,  0.12521508,  0.11136334,  0.10935911,
               nan,  0.16127868,  0.15244862,  0.12252612,  0.11182906,
        0.08420837,  0.17686352,  0.19589465,         nan,  0.08535716,
        0.14677288,  0.13187954,  0.09852911,  0.08189836,  0.15455398,
        0.10551551,         nan,  0.12222586,  0.14725331,  0.16122744,
        0.18630519,  0.15512448,  0.16971558,  0.17714846,         nan,
        0.08285205,  0.08618653,  0.13360489,  0.05116466,  0.16129205,
        0.13141924,  0.11761962,         nan,  0.0955791 ,  0.08237376,
        0.13429081,  0.07318891,  0.13306877,  0.11774314,  0.14536806,
               nan,  0.        ,  4.14728827,  1.46969385,  2.22710575,
        1.74355958,  2.31516738,  1.72046505,  4.54312668,  0.        ,
        1.74355958,  5.09901951,  4.45421149,  2.78567766,  5.30659966,
        1.356466  ,  1.6       ,  0.        ,  2.71293199,  1.0198039 ,
        2.05912603,  3.74165739,  2.41660919,  4.7581509 ,  2.87054002,
        0.        ,  1.62480768,  1.78885438,  2.0976177 ,  2.        ,
        4.33589668,  1.09544512,  1.78885438,  0.        ,  2.72763634,
        5.0039984 ,  2.63818119,  2.57681975,  1.8973666 ,  2.15406592,
        2.60768096,  0.        ,  1.8547237 ,  1.74355958,  5.08330601,
        3.49857114,  1.74355958,  4.89897949,  1.67332005,  0.        ,
        0.0240204 ])], 'Nv': [12.0, 0.0], 'Nu': [12.0, 0.0]}
dataset: synthetic housing
parameter prior simple
True MLE aggregation
scalar variance for preference matrix
Nu: 25, Nv: 25
dataset size: 506
{'perf': [array([   0.33009124,    0.        ,    0.        ,    0.74698117,
          0.75280528,    0.79062318,    0.6937682 ,    0.72331586,
          0.78264415,    0.74698117,    0.75280528,    0.79062318,
          0.6937682 ,    0.72331586,    0.78264415,  101.2       ,
        101.2       ,  101.2       ,  101.2       ,  101.2       ,
        101.2       ,    0.        ,    0.74576111,    0.68279299,
                 nan,    0.89636277,    0.79451338,    0.77571455,
          0.63979249,    0.84638576,    0.83890633,           nan,
          0.89282432,    0.93638423,    0.89418782,    0.64042873,
          0.85706595,    0.88800686,           nan,    0.88874691,
          0.74792895,    0.87863861,    0.8409155 ,    0.86276031,
          0.55677807,           nan,    0.70228456,    0.83097681,
          0.7166616 ,    0.87302588,    0.85139053,    0.86350168,
                 nan,    0.7915964 ,    0.79939565,    0.80559602,
          0.96448991,    0.96633946,    0.81339181,           nan,
          0.        ,   58.6       ,   45.4       ,   46.6       ,
         48.        ,   50.8       ,   42.6       ,    0.        ,
         55.2       ,   58.4       ,   50.4       ,   40.8       ,
         55.8       ,   46.        ,    0.        ,   64.4       ,
         53.8       ,   29.2       ,   54.6       ,   42.8       ,
         36.8       ,    0.        ,   53.8       ,   32.        ,
         53.2       ,   50.8       ,   47.4       ,   47.4       ,
          0.        ,   47.6       ,   50.4       ,   60.4       ,
         72.        ,   69.2       ,   53.6       ,    0.        ,
          0.80973304]), array([ 0.04701307,  0.        ,  0.        ,  0.04302393,  0.07418331,
        0.03307152,  0.06924612,  0.01660316,  0.06760326,  0.04302393,
        0.07418331,  0.03307152,  0.06924612,  0.01660316,  0.06760326,
        0.4       ,  0.4       ,  0.4       ,  0.4       ,  0.4       ,
        0.4       ,  0.        ,  0.01375489,  0.03357206,         nan,
        0.05773639,  0.06936083,  0.10146726,  0.07363491,  0.06560637,
        0.07870581,         nan,  0.08218357,  0.02365906,  0.05471495,
        0.06065731,  0.04939563,  0.07598616,         nan,  0.08123529,
        0.06106583,  0.05453789,  0.04673383,  0.10977494,  0.20491369,
               nan,  0.09799816,  0.06858945,  0.11761123,  0.04922681,
        0.11563975,  0.13969723,         nan,  0.03223783,  0.07663193,
        0.12097467,  0.0263423 ,  0.01699278,  0.08403254,         nan,
        0.        ,  4.45421149,  2.87054002,  5.16139516,  4.14728827,
        5.11468474,  4.58693798,  0.        ,  1.72046505,  2.8       ,
        3.92937654,  6.04648658,  3.18747549,  1.78885438,  0.        ,
        5.88557559,  2.78567766,  2.71293199,  5.46260011,  2.92574777,
        6.04648658,  0.        ,  4.48998886,  3.46410162,  4.26145515,
        3.7094474 ,  2.41660919,  4.2708313 ,  0.        ,  3.32264955,
        5.27636238,  5.88557559,  2.44948974,  3.31058907,  3.38230691,
        0.        ,  0.02383764])], 'Nv': [25.0, 0.0], 'Nu': [25.0, 0.0]}
dataset: synthetic vowel
parameter prior simple
True MLE aggregation
scalar variance for preference matrix
Nu: 26, Nv: 26
dataset size: 528
{'perf': [array([   0.17996406,    0.        ,    0.        ,    0.69703504,
          0.69716083,    0.69336927,    0.72149146,    0.73112309,
          0.66679245,    0.68355795,    0.804708  ,    0.68010782,
          0.75744834,    0.69689128,    0.69703504,    0.69716083,
          0.69336927,    0.72149146,    0.73112309,    0.66679245,
          0.68355795,    0.804708  ,    0.68010782,    0.75744834,
          0.69689128,  105.6       ,  105.6       ,  105.6       ,
        105.6       ,  105.6       ,  105.6       ,  105.6       ,
        105.6       ,  105.6       ,  105.6       ,  105.6       ,
          0.        ,    0.70716152,    0.62183713,           nan,
          0.70518101,    0.91886845,    0.89063338,    0.87587663,
          0.84654787,    0.82583469,    0.91899382,    0.85385879,
          0.85658126,    0.85532946,    0.58800794,           nan,
          0.93764634,    0.87642019,    0.87204749,    0.85274903,
          0.83845613,    0.91709653,    0.87835795,    0.85567497,
          0.870104  ,    0.31798942,    0.30952381,           nan,
          0.86611482,    0.85412859,    0.86060968,    0.77582396,
          0.90449495,    0.87286112,    0.87172561,    0.86986361,
          0.65823136,    0.61054293,    0.69492424,           nan,
          0.92161402,    0.88141751,    0.83101604,    0.90129811,
          0.85219711,    0.86985589,    0.80184763,    0.78757972,
          0.75330855,    0.75122425,    0.60096687,           nan,
          0.88541546,    0.84911197,    0.90863021,    0.81872908,
          0.87711816,    0.83508973,    0.7269027 ,    0.70588827,
          0.73924005,    0.57975412,    0.53829981,           nan,
          0.86899798,    0.90535963,    0.85636835,    0.86624768,
          0.87813393,    0.79120783,    0.71538462,    0.77134164,
          0.68989922,    0.58623932,    0.60065432,           nan,
          0.88329037,    0.822184  ,    0.88185536,    0.86561976,
          0.71214807,    0.71174457,    0.74204982,    0.72894204,
          0.75360347,    0.75989899,    0.77235101,           nan,
          0.82310182,    0.86664719,    0.83390683,    0.75449695,
          0.68607376,    0.7125852 ,    0.6911473 ,    0.74078065,
          0.71479578,    0.60666617,    0.55746582,           nan,
          0.90837891,    0.85050082,    0.67982245,    0.71044599,
          0.71206017,    0.73933635,    0.73668201,    0.7559379 ,
          0.63865765,    0.55192603,    0.46726343,           nan,
          0.85492505,    0.73773845,    0.76303401,    0.75984561,
          0.60430541,    0.66857721,    0.48746202,    0.661893  ,
          0.75962969,    0.77239095,    0.74132099,           nan,
          0.        ,   60.2       ,   83.6       ,   70.4       ,
         68.        ,   54.        ,   56.4       ,   76.        ,
         53.2       ,   69.8       ,   52.6       ,   45.4       ,
          0.        ,   90.8       ,   78.4       ,   70.4       ,
         58.2       ,   61.        ,   76.8       ,   57.8       ,
         72.4       ,   56.4       ,   22.        ,   14.8       ,
          0.        ,   72.6       ,   68.4       ,   55.6       ,
         53.        ,   72.        ,   53.8       ,   68.2       ,
         56.2       ,   35.2       ,   27.2       ,   33.        ,
          0.        ,   78.2       ,   68.        ,   62.8       ,
         73.8       ,   56.6       ,   65.6       ,   58.        ,
         37.6       ,   35.2       ,   37.2       ,   27.4       ,
          0.        ,   70.6       ,   69.6       ,   74.4       ,
         60.2       ,   68.4       ,   59.4       ,   51.6       ,
         47.4       ,   50.        ,   37.6       ,   35.        ,
          0.        ,   73.6       ,   76.8       ,   63.4       ,
         71.        ,   70.4       ,   49.2       ,   44.6       ,
         52.6       ,   42.8       ,   36.        ,   32.        ,
          0.        ,   82.4       ,   67.        ,   75.6       ,
         58.        ,   29.6       ,   28.8       ,   33.6       ,
         31.8       ,   31.2       ,   28.8       ,   23.2       ,
          0.        ,   55.6       ,   72.8       ,   46.6       ,
         52.4       ,   47.8       ,   51.8       ,   49.        ,
         45.4       ,   42.2       ,   38.6       ,   50.        ,
          0.        ,   87.        ,   59.6       ,   35.8       ,
         33.2       ,   37.4       ,   40.        ,   37.2       ,
         34.6       ,   30.        ,   32.8       ,   18.6       ,
          0.        ,   52.        ,   53.        ,   49.2       ,
         49.4       ,   47.6       ,   46.2       ,   35.2       ,
         47.6       ,   59.        ,   46.        ,   53.6       ,
          0.        ,    0.74856742]), array([ 0.05186963,  0.        ,  0.        ,  0.03729858,  0.05686761,
        0.07017777,  0.12298874,  0.02780842,  0.07593284,  0.07026412,
        0.07547148,  0.08922825,  0.07186526,  0.06810666,  0.03729858,
        0.05686761,  0.07017777,  0.12298874,  0.02780842,  0.07593284,
        0.07026412,  0.07547148,  0.08922825,  0.07186526,  0.06810666,
        0.48989795,  0.48989795,  0.48989795,  0.48989795,  0.48989795,
        0.48989795,  0.48989795,  0.48989795,  0.48989795,  0.48989795,
        0.48989795,  0.        ,  0.02162374,  0.02626472,         nan,
        0.11301486,  0.04815189,  0.05488917,  0.05662874,  0.04774871,
        0.05739757,  0.0421138 ,  0.05402922,  0.12233741,  0.0607459 ,
        0.25756306,         nan,  0.02335252,  0.05076727,  0.0437093 ,
        0.04239443,  0.07375715,  0.04921219,  0.03809014,  0.12603534,
        0.04423999,  0.15208845,  0.07689868,         nan,  0.05069847,
        0.06268726,  0.0523494 ,  0.0718718 ,  0.04221053,  0.06275222,
        0.1105025 ,  0.04395384,  0.10157604,  0.07208192,  0.16619486,
               nan,  0.04748726,  0.05519026,  0.08063971,  0.05220873,
        0.12142462,  0.10721569,  0.10938911,  0.10485282,  0.11199487,
        0.08705935,  0.07585229,         nan,  0.04943756,  0.06806038,
        0.0370768 ,  0.09461698,  0.07249872,  0.08438054,  0.07663205,
        0.08130971,  0.06294284,  0.09805653,  0.12974838,         nan,
        0.04597175,  0.04011349,  0.1006492 ,  0.07751297,  0.02559168,
        0.12468908,  0.08939963,  0.07029844,  0.04659896,  0.1251728 ,
        0.08178101,         nan,  0.02822835,  0.09946538,  0.05514882,
        0.05940145,  0.08598029,  0.09405324,  0.08094919,  0.07178717,
        0.06061125,  0.05487703,  0.07302994,         nan,  0.15693718,
        0.07138483,  0.07741594,  0.05419447,  0.11664046,  0.07428027,
        0.07646792,  0.10838276,  0.07485275,  0.16070359,  0.16156488,
               nan,  0.07343455,  0.05361425,  0.08301784,  0.06385995,
        0.07797529,  0.12140187,  0.13002101,  0.11181569,  0.2028983 ,
        0.19369813,  0.18736902,         nan,  0.05993858,  0.07213473,
        0.07544747,  0.07695701,  0.15776123,  0.1489963 ,  0.14004557,
        0.11186525,  0.05788646,  0.06789688,  0.06561158,         nan,
        0.        ,  1.93907194,  1.95959179,  1.8547237 ,  3.34664011,
        3.34664011,  2.72763634,  3.40587727,  2.22710575,  4.83321839,
        2.65329983,  2.05912603,  0.        ,  2.48193473,  1.356466  ,
        3.92937654,  3.05941171,  4.51663592,  3.31058907,  3.31058907,
        4.12795349,  4.45421149,  1.8973666 ,  2.03960781,  0.        ,
        4.22374242,  3.2       ,  3.13687743,  3.89871774,  5.21536192,
        2.48193473,  5.87877538,  4.16653333,  2.03960781,  1.16619038,
        4.19523539,  0.        ,  3.18747549,  4.5607017 ,  4.11825206,
        3.48711915,  2.33238076,  5.27636238,  2.44948974,  3.38230691,
        3.86781592,  3.05941171,  3.2       ,  0.        ,  2.24499443,
        1.95959179,  4.8       ,  2.92574777,  5.23832034,  3.77359245,
        3.26190129,  2.8       ,  3.16227766,  4.67332858,  2.44948974,
        0.        ,  3.38230691,  3.76297754,  1.49666295,  4.28952212,
        5.08330601,  2.48193473,  4.40908154,  3.77359245,  3.96988665,
        1.67332005,  3.03315018,  0.        ,  4.12795349,  4.5607017 ,
        4.45421149,  3.68781778,  3.0724583 ,  3.05941171,  4.92341345,
        3.31058907,  4.53431362,  3.65513338,  4.16653333,  0.        ,
        6.34350061,  6.11228272,  1.49666295,  2.33238076,  3.31058907,
        2.48193473,  2.0976177 ,  2.93938769,  1.32664992,  4.49888875,
        6.29285309,  0.        ,  2.44948974,  2.24499443,  4.53431362,
        3.96988665,  5.67802783,  4.93963561,  4.95580468,  4.02988834,
        4.19523539,  5.70613705,  2.24499443,  0.        ,  3.57770876,
        2.44948974,  4.26145515,  3.97994975,  2.33238076,  4.01995025,
        5.15363949,  3.97994975,  1.78885438,  2.60768096,  3.87814389,
        0.        ,  0.02101086])], 'Nv': [26.0, 0.0], 'Nu': [26.0, 0.0]}
dataset: synthetic vehicle
parameter prior simple
True MLE aggregation
scalar variance for preference matrix
Nu: 42, Nv: 42
dataset size: 846
{'perf': [array([   0.64893143,    0.        ,    0.        ,    0.89362339,
          0.85697181,    0.86519318,    0.95865646,    0.89362339,
          0.85697181,    0.86519318,    0.95865646,  169.2       ,
        169.2       ,  169.2       ,  169.2       ,    0.        ,
          0.89220759,    0.79273234,           nan,    0.90147446,
          0.91180743,    0.93802841,    0.68105994,           nan,
          0.90679315,    0.93932618,    0.72808366,    0.73430628,
                 nan,    0.89994042,    0.94030947,    0.94036088,
          0.93811657,           nan,    0.        ,  116.6       ,
        110.4       ,   75.8       ,   52.6       ,    0.        ,
        111.2       ,   77.6       ,   58.8       ,   58.        ,
          0.        ,   76.4       ,   93.4       ,   91.6       ,
         92.8       ,    0.        ,    0.86539579]), array([ 0.02718985,  0.        ,  0.        ,  0.02643407,  0.03271846,
        0.04083978,  0.01971146,  0.02643407,  0.03271846,  0.04083978,
        0.01971146,  0.4       ,  0.4       ,  0.4       ,  0.4       ,
        0.        ,  0.00805892,  0.02010223,         nan,  0.03484542,
        0.02423964,  0.02570252,  0.05467876,         nan,  0.02126288,
        0.01996893,  0.0560489 ,  0.04579937,         nan,  0.04683097,
        0.03029119,  0.02596484,  0.03409417,         nan,  0.        ,
        4.45421149,  7.31026675,  5.49181209,  4.49888875,  0.        ,
        7.4404301 ,  5.46260011,  6.99714227,  7.12741187,  0.        ,
        7.73563184,  5.42586399,  5.35163526,  7.6       ,  0.        ,
        0.01405996])], 'Nv': [42.0, 0.0], 'Nu': [42.0, 0.0]}
dataset: synthetic stock
parameter prior simple
True MLE aggregation
scalar variance for preference matrix
Nu: 47, Nv: 47
dataset size: 950
{'perf': [array([   0.65578947,    0.        ,    0.        ,    0.91684211,
          0.86736842,    0.92105263,    0.89578947,    0.85473684,
          0.91684211,    0.86736842,    0.92105263,    0.89578947,
          0.85473684,  190.        ,  190.        ,  190.        ,
        190.        ,  190.        ,    0.        ,    0.89031588,
          0.88210526,           nan,    0.91148021,    0.97511684,
          0.949689  ,    0.94771933,    0.92431906,           nan,
          0.97100529,    0.87350956,    0.92973722,    0.98110586,
          0.85048024,           nan,    0.96104021,    0.94856659,
          0.85900786,    0.94655864,    0.9807512 ,           nan,
          0.92206466,    0.96501544,    0.88607569,    0.83584946,
          0.95102502,           nan,    0.        ,   84.2       ,
         85.        ,  118.2       ,   95.2       ,  105.8       ,
          0.        ,  116.8       ,   90.        ,  110.4       ,
        105.        ,   73.2       ,    0.        ,   69.8       ,
         89.        ,   71.8       ,  100.        ,  120.2       ,
          0.        ,   85.6       ,   94.8       ,   79.6       ,
        101.        ,  104.4       ,    0.        ,    0.92676456]), array([  2.17260710e-02,   0.00000000e+00,   0.00000000e+00,
         3.51333037e-02,   2.52192601e-02,   3.21009488e-02,
         3.00323002e-02,   2.52631579e-02,   3.51333037e-02,
         2.52192601e-02,   3.21009488e-02,   3.00323002e-02,
         2.52631579e-02,   0.00000000e+00,   0.00000000e+00,
         0.00000000e+00,   0.00000000e+00,   0.00000000e+00,
         0.00000000e+00,   8.77324748e-03,   8.12642487e-03,
                    nan,   3.47550691e-02,   1.59941031e-02,
         1.87632754e-02,   2.45868865e-02,   3.85123620e-02,
                    nan,   1.24282453e-02,   3.88595050e-02,
         3.47365777e-02,   1.91298406e-02,   6.48171647e-02,
                    nan,   1.32224714e-02,   2.14690476e-02,
         5.44053884e-02,   2.70671357e-02,   1.52200400e-02,
                    nan,   2.09065578e-02,   2.02601828e-02,
         3.85242979e-02,   6.27833273e-02,   3.24002865e-02,
                    nan,   0.00000000e+00,   4.16653333e+00,
         5.65685425e+00,   9.86711711e+00,   5.84465568e+00,
         4.16653333e+00,   0.00000000e+00,   6.85273668e+00,
         5.01996016e+00,   3.61109402e+00,   5.65685425e+00,
         6.85273668e+00,   0.00000000e+00,   5.49181209e+00,
         5.09901951e+00,   9.86711711e+00,   5.01996016e+00,
         5.49181209e+00,   0.00000000e+00,   5.08330601e+00,
         5.84465568e+00,   3.61109402e+00,   5.09901951e+00,
         5.08330601e+00,   0.00000000e+00,   5.10780041e-03])], 'Nv': [47.0, 0.0], 'Nu': [47.0, 0.0]}
dataset: synthetic segment
parameter prior simple
True MLE aggregation
scalar variance for preference matrix
Nu: 115, Nv: 115
dataset size: 2310
{'perf': [array([   0.52597403,    0.        ,    0.        ,    0.81168831,
          0.86103896,    0.74502165,    0.84718615,    0.84242424,
          0.93896104,    0.75151515,    0.81168831,    0.86103896,
          0.74502165,    0.84718615,    0.84242424,    0.93896104,
          0.75151515,  462.        ,  462.        ,  462.        ,
        462.        ,  462.        ,  462.        ,  462.        ,
          0.        ,    0.82460664,    0.78845599,           nan,
          0.97594978,    0.83486457,    0.9284699 ,    0.77004003,
          0.8614271 ,    0.94696747,    0.61652236,           nan,
          0.70509972,    0.77216576,    0.61123264,    0.61035979,
          0.77709457,    0.73557143,    0.99426978,           nan,
          0.81239751,    0.76985985,    0.83254615,    0.947536  ,
          0.90729103,    0.98993576,    0.95925065,           nan,
          0.89424432,    0.93523683,    0.92012562,    0.87668172,
          0.99406378,    0.89160567,    0.92947357,           nan,
          0.84804427,    0.94693245,    0.926815  ,    0.99306603,
          0.92791902,    0.82162905,    0.92900249,           nan,
          0.95642167,    0.74052625,    0.91164662,    0.78171511,
          0.74784238,    0.77660378,    0.78673652,           nan,
          0.        ,  372.        ,  235.8       ,  240.4       ,
        185.2       ,  295.6       ,  354.8       ,   90.        ,
          0.        ,   75.8       ,   65.6       ,   88.6       ,
         86.8       ,  181.8       ,  226.2       ,  386.2       ,
          0.        ,  228.        ,  157.2       ,  318.6       ,
        362.6       ,  221.6       ,  396.4       ,  234.        ,
          0.        ,  212.2       ,  397.2       ,  336.8       ,
        276.8       ,  373.4       ,  304.8       ,  249.8       ,
          0.        ,  306.8       ,  362.2       ,  166.4       ,
        375.2       ,  143.4       ,   64.8       ,  155.2       ,
          0.        ,  223.        ,  107.2       ,  280.2       ,
         99.4       ,  125.2       ,   99.8       ,  239.        ,
          0.        ,    0.81212743]), array([  1.13919458e-01,   0.00000000e+00,   0.00000000e+00,
         4.75402733e-02,   5.05845591e-02,   8.29476090e-02,
         4.98042494e-02,   2.49209315e-02,   1.94275374e-02,
         5.67974607e-02,   4.75402733e-02,   5.05845591e-02,
         8.29476090e-02,   4.98042494e-02,   2.49209315e-02,
         1.94275374e-02,   5.67974607e-02,   0.00000000e+00,
         0.00000000e+00,   0.00000000e+00,   0.00000000e+00,
         0.00000000e+00,   0.00000000e+00,   0.00000000e+00,
         0.00000000e+00,   2.73455111e-02,   5.42749906e-02,
                    nan,   9.53425745e-03,   7.09624329e-02,
         1.98587027e-02,   1.35845880e-01,   4.53406289e-02,
         3.21294933e-02,   2.81200448e-01,              nan,
         3.45252126e-01,   3.78971674e-01,   2.93504217e-01,
         2.89444431e-01,   1.50227645e-01,   1.51963921e-01,
         5.16379657e-03,              nan,   4.02160752e-02,
         9.38959373e-02,   3.66490237e-02,   3.23464063e-02,
         2.00078220e-02,   8.48115412e-03,   1.44031003e-02,
                    nan,   4.21217628e-02,   2.61082332e-02,
         8.35785429e-02,   3.45451590e-02,   5.36781586e-03,
         4.29053977e-02,   2.38755822e-02,              nan,
         3.87932080e-02,   3.18965457e-02,   3.36111281e-02,
         6.31444636e-03,   3.46991165e-02,   1.26277457e-01,
         2.73816542e-02,              nan,   2.33249767e-02,
         1.47453020e-01,   2.68003149e-02,   1.56432711e-01,
         2.02481420e-01,   1.58443700e-01,   6.18128328e-02,
                    nan,   0.00000000e+00,   9.85900604e+00,
         2.48193473e+00,   5.88557559e+00,   1.01469207e+01,
         8.47584804e+00,   5.49181209e+00,   9.85900604e+00,
         0.00000000e+00,   8.03492377e+00,   5.12249939e+00,
         9.11262860e+00,   5.91269820e+00,   1.37753403e+01,
         2.48193473e+00,   8.03492377e+00,   0.00000000e+00,
         7.48331477e+00,   8.68101377e+00,   7.49933330e+00,
         5.31413210e+00,   5.88557559e+00,   5.12249939e+00,
         7.48331477e+00,   0.00000000e+00,   8.54166260e+00,
         3.60000000e+00,   8.90842298e+00,   1.01469207e+01,
         9.11262860e+00,   8.68101377e+00,   8.54166260e+00,
         0.00000000e+00,   8.08455317e+00,   5.30659966e+00,
         8.47584804e+00,   5.91269820e+00,   7.49933330e+00,
         3.60000000e+00,   8.08455317e+00,   0.00000000e+00,
         1.67332005e+00,   5.49181209e+00,   1.37753403e+01,
         5.31413210e+00,   8.90842298e+00,   5.30659966e+00,
         1.67332005e+00,   0.00000000e+00,   1.25497542e-01])], 'Nv': [115.0, 0.0], 'Nu': [115.0, 0.0]}
dataset: synthetic authorship
parameter prior simple
True MLE aggregation
scalar variance for preference matrix
Nu: 42, Nv: 42
dataset size: 841
{'perf': [array([  2.37390814e-03,   0.00000000e+00,   0.00000000e+00,
         4.75274725e-02,   2.43723584e-01,   9.34643562e-01,
         1.00000000e+00,   4.75274725e-02,   2.43723584e-01,
         9.34643562e-01,   1.00000000e+00,   1.68200000e+02,
         1.68200000e+02,   1.68200000e+02,   1.68200000e+02,
         0.00000000e+00,   3.16880492e-01,  -2.96924016e-01,
                    nan,   1.10420057e-02,   6.34743504e-03,
         7.99426515e-03,   9.87670832e-01,              nan,
         6.30748438e-03,   8.61894916e-03,   9.28571429e-01,
         9.22683983e-01,              nan,   6.09057403e-02,
         9.78557721e-01,   9.81749367e-01,   9.93518797e-01,
                    nan,   0.00000000e+00,   8.88000000e+01,
         1.55600000e+02,   1.23200000e+02,   7.94000000e+01,
         0.00000000e+00,   1.56600000e+02,   1.14400000e+02,
         1.26000000e+01,   1.16000000e+01,   0.00000000e+00,
         1.58000000e+01,   4.50000000e+01,   5.38000000e+01,
         1.52400000e+02,   0.00000000e+00,   1.03033428e-01]), array([  2.90745316e-03,   0.00000000e+00,   0.00000000e+00,
         2.04878675e-02,   3.62399192e-02,   1.85960220e-02,
         0.00000000e+00,   2.04878675e-02,   3.62399192e-02,
         1.85960220e-02,   0.00000000e+00,   4.00000000e-01,
         4.00000000e-01,   4.00000000e-01,   4.00000000e-01,
         0.00000000e+00,   4.38385212e-02,   3.27413326e-02,
                    nan,   5.56008243e-04,   1.21042520e-04,
         2.34466410e-04,   7.56407430e-04,              nan,
         1.22079322e-04,   4.77890141e-04,   1.30410133e-02,
         1.54050525e-02,              nan,   2.00820025e-02,
         1.95327853e-03,   2.63298177e-03,   1.69062908e-04,
                    nan,   0.00000000e+00,   4.70744092e+00,
         2.93938769e+00,   3.76297754e+00,   4.75815090e+00,
         0.00000000e+00,   3.00665928e+00,   6.80000000e+00,
         3.32264955e+00,   3.38230691e+00,   0.00000000e+00,
         4.26145515e+00,   4.00000000e+00,   7.02566723e+00,
         4.12795349e+00,   0.00000000e+00,   2.23603629e-03])], 'Nv': [42.0, 0.0], 'Nu': [42.0, 0.0]}
