NONERECALL: 0.001000
CV: 5
{'alpha': [0.0, 0.0], 'perf': [array([  7.78327687e-01,   0.00000000e+00,   0.00000000e+00,
         1.00000000e+00,   8.73407002e-01,   9.95797461e-01,
         9.50798204e-01,   9.32235047e-01,   9.93171869e-01,
         1.00000000e+00,   1.99254377e-01,   6.90356510e-01,
         1.95991095e-01,   1.05030201e-01,   2.63506494e-01,
         1.13240000e+03,   1.77800000e+02,   1.78000000e+01,
         7.02000000e+01,   8.68000000e+01,   1.00000000e+01,
         0.00000000e+00,   7.94231538e-02,   9.10654911e-01]), array([  5.71983871e-02,   0.00000000e+00,   0.00000000e+00,
         0.00000000e+00,   6.24602327e-02,   3.73168719e-03,
         1.38102529e-02,   6.76014023e-03,   3.19780966e-03,
         0.00000000e+00,   3.91410853e-01,   3.47523161e-01,
         2.30512476e-01,   9.98332521e-02,   2.33959660e-01,
         2.05912603e+00,   1.01862653e+01,   3.96988665e+00,
         3.91918359e+00,   5.94642750e+00,   2.44948974e+00,
         0.00000000e+00,   3.50145124e-02,   3.92585513e-02])]}
