number of samples: 7464
NONERECALL: 0.001000
CV: 5
Abstention True
Inverse_laplace 64
{'perf': [array([  1.91317659e-01,   0.00000000e+00,   0.00000000e+00,
         1.00000000e+00,   7.10611540e-01,   6.05302493e-01,
         8.46865803e-01,   7.40756686e-01,   6.68945068e-01,
         1.00000000e+00,   6.11905997e-01,   2.39401144e-01,
         8.00622243e-01,   6.21087357e-01,   3.82753770e-01,
         1.49280000e+03,   1.11300000e+03,   7.74400000e+02,
         1.14620000e+03,   1.02160000e+03,   8.00600000e+02,
         0.00000000e+00,   5.50375747e-01,   5.95188444e-01]), array([  6.35700072e-03,   0.00000000e+00,   0.00000000e+00,
         0.00000000e+00,   1.32343818e-02,   1.65108560e-02,
         1.31128822e-02,   7.81115960e-03,   9.32385279e-03,
         0.00000000e+00,   1.60505395e-02,   1.40234611e-02,
         1.62358426e-02,   1.29578910e-02,   1.50356204e-02,
         4.00000000e-01,   1.34014925e+01,   2.11527776e+01,
         6.79411510e+00,   1.61443489e+01,   6.94550214e+00,
         0.00000000e+00,   4.39027917e-03,   1.24901574e-02])]}
number of samples: 7464
NONERECALL: 0.001000
CV: 5
Abstention True
Inverse_laplace 64
{'perf': [array([  1.91317659e-01,   0.00000000e+00,   0.00000000e+00,
         1.00000000e+00,   7.10611540e-01,   6.05302493e-01,
         8.46865803e-01,   7.40756686e-01,   6.68945068e-01,
         1.00000000e+00,   6.11905997e-01,   2.39401144e-01,
         8.00622243e-01,   6.21087357e-01,   3.82753770e-01,
         1.49280000e+03,   1.11300000e+03,   7.74400000e+02,
         1.14620000e+03,   1.02160000e+03,   8.00600000e+02,
         0.00000000e+00,   5.50375747e-01,   5.95188444e-01,
                    nan,   9.99331014e-01,   9.99328317e-01,
         9.99331014e-01,   9.99331014e-01,   9.99330207e-01,
                    nan,              nan,   9.88123627e-01,
         4.26662603e-01,   5.42309227e-01,   8.73722549e-01,
         1.33571429e-01,   3.84019996e-02,              nan,
         6.27317837e-03,   3.00238327e-02,   1.70076656e-01,
                    nan,   6.91215858e-01,   9.97753480e-01,
                    nan,   7.04956532e-01,   9.76776586e-01,
                    nan,   5.73849328e-01,   9.88879737e-01,
         3.55002425e-01,              nan,   9.58252784e-01,
         2.37500000e-01,   2.74122227e-01,   8.89698806e-01,
         2.93687593e-02,   9.48148077e-02,              nan,
         0.00000000e+00,   1.49280000e+03,   1.48680000e+03,
         1.49280000e+03,   1.49280000e+03,   1.49100000e+03,
         0.00000000e+00,   0.00000000e+00,   9.05000000e+02,
         6.95400000e+02,   6.72800000e+02,   8.38400000e+02,
         6.00000000e+00,   3.57400000e+02,   0.00000000e+00,
         3.42600000e+02,   3.62000000e+02,   4.31800000e+02,
         0.00000000e+00,   6.46400000e+02,   8.91200000e+02,
         0.00000000e+00,   7.00800000e+02,   8.41200000e+02,
         0.00000000e+00,   6.12800000e+02,   8.09200000e+02,
         5.93400000e+02,   0.00000000e+00,   7.90800000e+02,
         1.80000000e+00,   4.12600000e+02,   5.54400000e+02,
         3.92400000e+02,   3.61600000e+02,   0.00000000e+00,
         3.44759322e-01]), array([  6.35700072e-03,   0.00000000e+00,   0.00000000e+00,
         0.00000000e+00,   1.32343818e-02,   1.65108560e-02,
         1.31128822e-02,   7.81115960e-03,   9.32385279e-03,
         0.00000000e+00,   1.60505395e-02,   1.40234611e-02,
         1.62358426e-02,   1.29578910e-02,   1.50356204e-02,
         4.00000000e-01,   1.34014925e+01,   2.11527776e+01,
         6.79411510e+00,   1.61443489e+01,   6.94550214e+00,
         0.00000000e+00,   4.39027917e-03,   1.24901574e-02,
                    nan,   1.79088707e-07,   8.74130427e-07,
         1.79088707e-07,   1.79088707e-07,   4.91112157e-07,
                    nan,              nan,   2.92229074e-03,
         1.94194150e-02,   2.02494064e-02,   1.63027137e-02,
         3.69500490e-02,   1.74486419e-02,              nan,
         4.04457268e-03,   8.38761468e-03,   2.17841164e-02,
                    nan,   2.81294479e-02,   1.01934538e-03,
                    nan,   4.94081540e-02,   8.39676934e-03,
                    nan,   9.12453874e-03,   3.76763224e-03,
         3.09274041e-02,              nan,   1.01448356e-02,
         2.16506351e-02,   1.90055698e-02,   2.40639197e-02,
         1.13979972e-02,   1.23475846e-02,              nan,
         0.00000000e+00,   4.00000000e-01,   1.93907194e+00,
         4.00000000e-01,   4.00000000e-01,   1.09544512e+00,
         0.00000000e+00,   0.00000000e+00,   2.32465051e+01,
         2.05484793e+01,   2.95526649e+01,   1.05565146e+01,
         1.89736660e+00,   2.67551864e+01,   0.00000000e+00,
         1.77155299e+01,   2.22081066e+01,   1.72904598e+01,
         0.00000000e+00,   2.23302485e+01,   1.37025545e+01,
         0.00000000e+00,   1.67140659e+01,   4.35430821e+00,
         0.00000000e+00,   2.39616360e+01,   1.37317151e+01,
         1.36323146e+01,   0.00000000e+00,   1.88509947e+01,
         9.79795897e-01,   1.02293695e+01,   1.53440542e+01,
         3.55527777e+00,   1.69894085e+01,   0.00000000e+00,
         1.12185944e-02])]}
